2167.984375
2168.2578125
2197.78125
2215.69921875
2234.21484375
2254.359375
2263.6484375
2283.80078125
2308.92578125
2327.6640625
2350.8359375
2361.90625
2376.171875
2397.859375
2420.04296875
2441.0546875
2467.1484375
2502.48046875
2538.7109375
2573.359375
2610.4375
2649.3046875
2686.62890625
2728.67578125
2760.31640625
2779.078125
2778.69921875
2787.93359375
2832.8125
2881.6015625
2932.51953125
2981.98828125
3028.546875
3071.50390625
3107.64453125
3132.82421875
3150.17578125
3166.69921875
3176.49609375
3185.234375
3206.7421875
3209.87890625
3209.87890625
3209.87890625
3209.87890625
3209.87890625
3209.87890625
3209.87890625
3209.87890625
3209.87890625
3209.87890625
3209.87890625
3209.87890625
3209.87890625
3209.87890625
3209.87890625
3209.87890625
3209.87890625
3209.87890625
3209.87890625
3209.87890625
3209.87890625
3209.87890625
3209.8828125
3209.8828125
3198.59765625
3199.40234375
3199.22265625
3199.91796875
3200.8671875
3200.7421875
3201.91015625
3198.75
3199.8203125
3201.15234375
3200.6796875
3201.5078125
3202.30859375
3203.203125
3197.61328125
3198.7109375
3199.16015625
3192.734375
3193.8359375
3186.58203125
3186.98046875
3187.625
3188.296875
3177.4375
3178.16796875
3178.80078125
3177.3515625
3178.03125
3178.6171875
3179.2578125
3179.88671875
3180.5
3181.16796875
3181.45703125
3182.05859375
3182.49609375
3182.88671875
3183.1328125
3183.421875
3183.7578125
3184.2421875
3184.90625
3185.5625
3179.125
3179.37890625
3179.921875
3180.5390625
3181.26953125
3182.06640625
3182.59375
3183.2421875
3184.11328125
3182.5390625
3183.1640625
3184.09765625
3185.015625
3185.96484375
3186.9453125
3187.5859375
3188.2890625
3189.28125
3190.36328125
3191.44921875
3192.23828125
3193.23828125
3194.29296875
3132.87109375
3133.17578125
3133.51171875
3133.84375
3128.60546875
3128.8828125
3097.078125
3097.41796875
3097.57421875
3097.8671875
3098.16796875
3098.5
3098.8125
3099.06640625
3099.390625
3099.66796875
3099.96484375
3100.265625
3100.61328125
3100.94921875
3101.3203125
3101.6796875
3102.01171875
3102.28125
3102.6015625
3102.92578125
3103.27734375
3103.6171875
3104.109375
3104.45703125
3104.8203125
3105.14453125
3105.4921875
3105.83984375
3106.078125
3106.2890625
3106.578125
3106.88671875
3107.1875
3107.50390625
3107.8515625
3108.1796875
3108.51171875
3108.83984375
3109.1796875
3109.50390625
3109.83203125
3110.17578125
3110.51953125
3110.859375
3111.203125
3111.53125
3080.46875
3081.4453125
3082.4453125
3083.40234375
3084.3828125
3085.34765625
3086.3046875
3087.21484375
3088.13671875
3089.046875
3089.94921875
3073.09765625
3074.08203125
3075.015625
3075.9765625
3076.74609375
3077.61328125
3078.33203125
3079.21484375
3080.12890625
3080.98046875
3081.87890625
3082.85546875
3083.78515625
3084.734375
3085.640625
3086.58984375
3087.52734375
3088.484375
3089.3984375
3090.27734375
3091.1796875
3092.15625
3093.109375
3094.05859375
3094.6640625
3095.36328125
3096.296875
3097.24609375
3098.23828125
3099.17578125
3100.15234375
3100.828125
3101.52734375
3102.453125
3103.36328125
3104.296875
3105.21484375
3106.1640625
3106.6640625
3107.3359375
3108.25390625
3109.06640625
3109.9296875
3110.8359375
3111.76953125
3112.69921875
3113.58984375
3100.640625
3101.5546875
3102.44921875
3103.3984375
3104.33984375
3105.2734375
3106.1875
3107.08203125
3107.97265625
3108.9609375
3109.921875
3110.90625
3111.8046875
3112.74609375
3113.625
3114.5078125
3115.44140625
3116.37890625
3117.2421875
3117.96484375
3118.63671875
3119.421875
3120.3203125
3121.3359375
3122.30078125
3123.28515625
3124.2578125
3125.24609375
3126.24609375
3127.28125
3128.2890625
3129.32421875
3130.69921875
3157.98828125
3158.9609375
3160.0
3160.99609375
3162.05078125
3163.06640625
3164.1015625
3165.12109375
3166.15625
3167.1015625
3168.10546875
3169.046875
3169.98828125
3170.796875
3171.68359375
3172.5390625
3173.35546875
3174.203125
3175.06640625
3175.94140625
3176.90234375
3177.83203125
3178.7734375
3179.71484375
3180.68359375
3181.65625
3182.625
3183.26953125
3184.15234375
3185.0625
3186.02734375
3186.94921875
3187.890625
3188.828125
3189.7578125
3190.71484375
3191.6796875
3192.64453125
3193.59375
3194.5625
3195.46484375
3196.3515625
3197.28515625
3198.19140625
3199.140625
3200.07421875
3201.01953125
3201.953125
3203.01953125
3203.97265625
3204.93359375
3205.88671875
3206.66796875
3207.234375
3208.0703125
3208.9765625
3209.92578125
3210.96875
3211.94140625
3212.91015625
3213.921875
3214.9921875
3215.96484375
3216.984375
3218.0234375
3219.0859375
3220.15234375
3221.21875
3222.1484375
3223.125
3224.0625
3225.02734375
3225.9453125
3226.8671875
3227.91015625
3229.0
3230.0390625
3231.12109375
3232.13671875
3233.10546875
3233.1953125
3233.40625
3234.03125
3234.72265625
3235.46484375
3236.23828125
3237.03125
3237.84765625
3238.6328125
3239.41796875
3240.17578125
3241.19921875
3241.93359375
3242.68359375
3243.48828125
3244.2734375
3245.0703125
3245.8359375
3246.54296875
3247.26171875
3136.29296875
3137.015625
3137.75390625
3138.4609375
3139.234375
3140.0859375
3140.9140625
3141.7578125
3142.5390625
3143.36328125
3144.16015625
3145.015625
3145.7890625
3146.6171875
3147.4453125
3148.2421875
3149.05859375
3149.90234375
3150.68359375
3151.5
3152.30859375
3153.11328125
3153.83203125
3154.59765625
3155.3359375
3156.109375
3156.89453125
3157.66796875
3158.40625
3159.12890625
3160.01953125
3160.98046875
3161.87109375
3162.7734375
3163.66796875
3164.65234375
3165.5390625
3166.5625
3167.5625
3168.57421875
3169.56640625
3170.59765625
3171.57421875
3172.5859375
3173.5546875
3174.5859375
3175.59765625
3176.59375
3177.53515625
3178.5078125
3179.453125
3180.08203125
3180.875
3181.8671875
3182.80859375
3183.80078125
3184.7890625
3185.76171875
3186.796875
3187.84765625
3188.890625
3189.93359375
3190.9453125
3191.96875
3192.94921875
3193.91796875
3194.83984375
3195.74609375
3196.70703125
3197.67578125
3198.61328125
3199.6015625
3200.6171875
3201.640625
3202.6171875
3203.60546875
3204.6171875
3205.6328125
3206.671875
3207.72265625
3208.78515625
3209.84765625
3210.89453125
3211.91796875
3212.75
3213.71875
3214.71484375
3215.64453125
3216.609375
3217.6015625
3218.64453125
3219.625
3220.62109375
3221.6171875
3222.6171875
3223.58984375
3224.59375
3225.5703125
3226.671875
3227.76953125
3228.8515625
3229.890625
3230.8203125
3231.79296875
3232.83203125
3233.875
3234.87890625
3235.8125
3236.70703125
3237.70703125
3238.76953125
3239.75
3240.80078125
3241.80859375
3242.88671875
3243.91796875
3245.01953125
3246.046875
3247.01953125
3248.01953125
3248.88671875
3249.84765625
3250.8671875
3251.796875
3252.6640625
3253.35546875
3254.3125
3255.23046875
3256.19921875
3257.1640625
3258.21484375
3259.25
3260.25390625
3261.21484375
3262.23828125
3263.3125
3264.36328125
3265.2734375
3266.28515625
3267.30078125
3268.3515625
3269.37890625
3270.4375
3271.41015625
3272.42578125
3273.19140625
3273.94921875
3274.90234375
3275.92578125
3276.90625
3277.9296875
3278.88671875
3279.9453125
3280.94921875
3281.83203125
3282.55859375
3283.46484375
3284.37890625
3285.3984375
3286.41796875
3287.3984375
3288.4453125
3289.56640625
3290.62890625
3291.6484375
3292.66015625
3293.7265625
3294.8203125
3295.90234375
3296.94921875
3297.9375
3299.0234375
3300.1640625
3301.24609375
3302.26953125
3303.2109375
3304.2265625
3305.2421875
3306.27734375
3307.27734375
3308.25
3309.1640625
3310.16015625
3311.18359375
3312.2421875
3313.21484375
3314.22265625
3315.23828125
3316.26953125
3317.25
3318.1953125
3319.17578125
3320.23828125
3321.296875
3322.30078125
3323.26171875
3324.23828125
3325.3046875
3326.37109375
3327.36328125
3328.3515625
3329.359375
3330.39453125
3331.46875
3332.51171875
3333.55859375
3334.52734375
3335.59375
3336.64453125
3337.64453125
3338.640625
3339.64453125
3340.64453125
3341.72265625
3342.73828125
3343.7578125
3344.64453125
3345.62109375
3346.6484375
3347.58203125
3348.578125
3349.6640625
3350.72265625
3351.79296875
3352.8046875
3353.81640625
3354.78515625
3355.4765625
3356.2734375
3357.26171875
3358.26171875
3359.296875
3360.3203125
3361.34375
3362.36328125
3363.421875
3364.3828125
3365.3671875
3366.3671875
3367.41015625
3368.41796875
3369.4375
3370.390625
3371.390625
3372.44140625
3373.48046875
3374.39453125
3375.44140625
3376.46484375
3377.53125
3378.5703125
3379.53515625
3380.57421875
3381.59375
3382.53515625
3383.5
3384.30078125
3385.31640625
3386.328125
3387.36328125
3388.37109375
3389.4453125
3390.47265625
3391.46875
3392.53515625
3393.64453125
3394.44140625
3395.15625
3396.00390625
3396.54296875
3397.515625
3398.546875
3399.453125
3399.8203125
3399.9921875
3400.45703125
3400.70703125
3401.1484375
3401.51171875
3401.9765625
3402.4921875
3402.81640625
3403.6796875
3404.671875
3405.63671875
3406.6171875
3407.5234375
3408.4609375
3409.515625
3410.5234375
3411.5546875
3412.5859375
3413.62109375
3414.66015625
3415.68359375
3416.734375
3417.76953125
3418.80859375
3419.8203125
3420.78125
3421.765625
3422.7734375
3423.74609375
3424.78125
3425.8359375
3426.859375
3427.88671875
3428.87890625
3429.89453125
3430.92578125
3431.86328125
3432.828125
3433.78125
3434.7578125
3435.71875
3436.62890625
3437.5234375
3438.44140625
3439.46484375
3440.48828125
3441.50390625
3442.5078125
3443.53515625
3444.54296875
3445.59375
3530.8203125
3606.05859375
3606.46484375
3607.390625
3472.24609375
3473.11328125
3474.09765625
3475.06640625
3476.09375
3477.09375
3478.1015625
3479.08203125
3480.01953125
3481.05078125
3482.04296875
3482.953125
3483.9921875
3485.1015625
3486.1484375
3487.1484375
3488.203125
3489.296875
3490.32421875
3491.3125
3492.2890625
3493.40234375
3494.4296875
3495.5
3496.5390625
3497.59375
3498.578125
3499.61328125
3500.609375
3501.5703125
3502.6171875
3503.671875
3504.7578125
3505.6484375
3506.32421875
3507.4296875
3508.49609375
3509.578125
3510.640625
3511.6015625
3512.0859375
3512.75
3513.78515625
3514.859375
3515.88671875
3516.9609375
3517.8359375
3518.96484375
3520.03515625
3521.05859375
3522.04296875
3523.09375
3524.20703125
3525.30078125
3526.0390625
3527.01953125
3527.88671875
3528.91796875
3529.91796875
3530.921875
3531.85546875
3532.83203125
3299.51171875
3300.5390625
3301.62890625
3302.734375
3303.7890625
3304.87890625
3306.00390625
3307.08984375
3308.07421875
3309.1328125
3310.1328125
3311.12109375
3312.16015625
3313.23828125
3314.31640625
3291.0703125
3292.12890625
3293.18359375
3294.27734375
3295.39453125
3296.41796875
3297.5
3298.52734375
3299.5546875
3300.5703125
3301.5703125
3302.5703125
3303.60546875
3304.69140625
3305.66015625
3306.59375
3307.6484375
3308.6953125
3309.74609375
3310.8046875
3311.8671875
3312.91796875
3313.94921875
3314.84765625
3315.8046875
3316.87890625
3317.9453125
3319.02734375
3320.09765625
3321.140625
3322.1875
3323.28125
3324.234375
3325.24609375
3326.25
3327.265625
3328.3046875
3329.40625
3330.41796875
3331.46875
3332.484375
3333.46875
3334.41796875
3335.4140625
3336.453125
3337.49609375
3338.5078125
3339.53515625
3340.49609375
3341.484375
3342.5
3343.57421875
3344.640625
3345.7421875
3346.8203125
3347.890625
3348.890625
3349.93359375
3350.921875
3351.9375
3352.9453125
3353.96484375
3355.01953125
3356.10546875
3357.1328125
3358.13671875
3359.15234375
3360.18359375
3361.19140625
3362.26953125
3363.30859375
3364.3515625
3365.41796875
3366.5
3367.5
3368.54296875
3369.54296875
3370.55859375
3371.59765625
3372.67578125
3373.7421875
3374.7421875
3375.76171875
3376.83203125
3377.84375
3378.8515625
3379.8828125
3380.90625
3381.953125
3383.03125
3384.0859375
3385.16015625
3386.16796875
3387.1875
3388.2109375
3389.28515625
3390.3671875
3391.4453125
3392.48046875
3393.53515625
3394.5859375
3395.65625
3396.67578125
3397.6875
3398.66015625
3399.75
3400.75390625
3401.82421875
3402.86328125
3403.91796875
3404.96484375
3406.05078125
3407.09765625
3408.0859375
3409.0703125
3410.1171875
3411.10546875
3412.1171875
3413.140625
3414.171875
3415.1015625
3416.05859375
3417.078125
3418.11328125
3419.12890625
3420.15625
3421.234375
3422.29296875
3423.59375
3424.76171875
3425.953125
3427.18359375
3428.43359375
3429.6953125
3430.9296875
3432.24609375
3433.5234375
3434.74609375
3435.953125
3437.203125
3438.58203125
3439.6484375
3440.8671875
3442.07421875
3443.203125
3444.72265625
3445.84765625
3446.97265625
3448.07421875
3449.17578125
3450.38671875
3451.60546875
3452.8359375
3454.0
3455.28125
3456.83984375
3457.984375
3459.08984375
3460.33203125
3461.4609375
3462.69140625
3463.9609375
3463.16796875
3464.53515625
3465.6328125
3466.99609375
3468.265625
3469.48046875
3470.76953125
3472.015625
3473.23046875
3474.4296875
3475.8203125
3476.8828125
3478.234375
3479.359375
3480.609375
3482.14453125
3483.15625
3484.33203125
3485.4765625
3486.74609375
3487.97265625
3489.171875
3490.45703125
3491.65625
3492.91796875
3494.0
3495.33203125
3496.50390625
3497.83203125
3499.11328125
3500.28125
3501.50390625
3502.79296875
3503.9921875
3505.23828125
3506.359375
3507.64453125
3508.91015625
3510.08203125
3511.50390625
3512.59765625
3513.875
3515.11328125
3516.42578125
3517.74609375
3518.81640625
3520.8125
3521.88671875
3522.9375
3524.04296875
3525.2890625
3526.07421875
3527.16796875
3528.3515625
3529.625
3530.88671875
3532.2265625
3533.41015625
3534.66015625
3535.7890625
3537.14453125
3538.24609375
3539.48828125
3540.69921875
3541.9375
3543.1796875
3544.4375
3545.75390625
3546.99609375
3548.234375
3549.42578125
3550.72265625
3551.9609375
3553.2890625
3554.4296875
3555.57421875
3556.7734375
3558.01953125
3559.3046875
3560.64453125
3561.69140625
3562.9140625
3564.1640625
3565.40625
3566.640625
3567.98046875
3569.16015625
3570.09765625
3571.328125
3572.51171875
3573.69921875
3574.8828125
3576.0546875
3577.2734375
3578.41015625
3579.4453125
3580.65234375
3581.84375
3583.109375
3584.390625
3586.34765625
3587.484375
3588.53515625
3589.61328125
3590.71484375
3591.9453125
3593.203125
3594.40234375
3595.55859375
3596.8125
3598.0546875
3598.9609375
3599.953125
3601.09375
3602.5546875
3603.54296875
3604.5390625
3605.64453125
3606.73828125
3607.828125
3608.921875
3610.140625
3611.4140625
3612.51953125
3614.07421875
3615.12109375
3616.109375
3617.1953125
3618.26171875
3619.41015625
3620.61328125
3621.71875
3622.796875
3623.9765625
3625.046875
3626.22265625
3627.3359375
3628.48828125
3629.74609375
3631.05078125
3632.4140625
3633.625
3634.87109375
3636.1015625
3637.3984375
3638.671875
3639.94921875
3641.125
3642.328125
3643.56640625
3644.515625
3645.7265625
3647.08984375
3648.265625
3649.43359375
3650.73046875
3651.8046875
3652.95703125
3654.11328125
3655.3515625
3656.53515625
3657.828125
3658.8984375
3660.109375
3661.515625
3662.54296875
3663.7734375
3664.98046875
3666.24609375
3667.49609375
3668.73046875
3669.9375
3671.12890625
3672.515625
3673.55859375
3674.76953125
3676.01953125
3677.28515625
3678.53125
3679.8125
3681.078125
3682.50390625
3683.67578125
3684.96875
3686.23046875
3687.5625
3688.8984375
3690.19140625
3691.4609375
3692.75390625
3694.11328125
3695.34765625
3696.5703125
3697.8828125
3699.2265625
3700.1875
3701.26953125
3702.50390625
3703.73828125
3705.03515625
3706.55078125
3707.7265625
3708.984375
3710.20703125
3711.4375
3712.7265625
3713.99609375
3715.60546875
3716.3828125
3717.3359375
3718.6171875
3719.84765625
3721.15234375
3722.390625
3723.6015625
3724.90625
3726.11328125
3727.4609375
3728.640625
3729.83984375
3731.1484375
3732.45703125
3733.73828125
3734.984375
3736.33984375
3737.6015625
3739.67578125
3740.75390625
3741.8515625
3742.91015625
3744.03515625
3745.2890625
3746.68359375
3747.8125
3749.03125
3750.23828125
3751.44921875
3752.69140625
3753.97265625
3755.30078125
3756.5859375
3757.85546875
3759.14453125
3760.3671875
3761.80078125
3762.99609375
3764.28515625
3765.55859375
3767.1171875
3768.203125
3769.421875
3770.671875
3771.96875
3773.09765625
3774.421875
3775.6640625
3776.8671875
3778.11328125
3779.40234375
3780.6953125
3781.9140625
3783.1875
3784.5
3785.765625
3787.06640625
3788.33984375
3789.58203125
3791.05078125
3792.13671875
3793.3671875
3794.8046875
3795.97265625
3797.2890625
3798.546875
3799.828125
3801.10546875
3802.328125
3803.546875
3804.94921875
3806.1328125
3807.44921875
3808.96484375
3810.09375
3811.27734375
3812.6171875
3813.7890625
3815.06640625
3816.36328125
3817.671875
3818.87109375
3820.16015625
3819.12890625
3820.4921875
3821.81640625
3823.0234375
3824.31640625
3825.48828125
3826.88671875
3828.015625
3829.265625
3830.5078125
3831.89453125
3833.140625
3833.86328125
3835.171875
3836.40625
3837.6875
3839.046875
3840.30859375
3841.5546875
3842.8984375
3844.19140625
3845.42578125
3846.6484375
3847.9765625
3849.2421875
3850.55859375
3851.81640625
3853.140625
3854.34765625
3855.65234375
3856.859375
3858.12890625
3859.4296875
3860.74609375
3862.2578125
3863.32421875
3864.23046875
3865.359375
3866.61328125
3867.70703125
3869.0
3870.3359375
3871.734375
3872.9453125
3874.171875
3875.37890625
3876.66015625
3877.5546875
3878.56640625
3879.4140625
3880.55078125
3881.67578125
3882.98828125
3884.30078125
3885.78515625
3886.8515625
3888.16796875
3889.33203125
3890.06640625
3890.921875
3892.1171875
3893.37890625
3894.65625
3895.94921875
3897.2578125
3898.52734375
3899.8203125
3901.11328125
3902.46875
3903.609375
3904.9765625
3906.23046875
3907.734375
3908.94921875
3910.41796875
3911.6640625
3912.98046875
3914.2265625
3915.53125
3916.83203125
3918.22265625
3985.1171875
4074.6953125
4074.6953125
4074.6953125
4074.6953125
4074.6953125
4074.6953125
4147.578125
4214.6953125
4279.3359375
4331.66796875
4396.8125
4459.7578125
4491.8203125
4491.8203125
4491.8203125
4491.8203125
4491.8203125
4491.8203125
4491.8203125
4491.8203125
4491.8203125
4491.8203125
4491.8203125
4491.8203125
4491.8203125
4491.8203125
4491.8203125
4491.8203125
4491.8203125
4491.8203125
4491.8203125
4491.8203125
4491.8203125
4491.8203125
4491.8203125
4491.8203125
4491.8203125
4491.8203125
4491.8203125
4491.8203125
4491.8203125
4491.8203125
4491.8203125
4491.8203125
4491.8203125
4491.8203125
4491.8203125
4491.8203125
4491.8203125
4491.8203125
4491.8203125
4491.8203125
4491.8203125
4491.8203125
4491.8203125
4491.8203125
4491.8203125
4491.8203125
4491.8203125
4491.8203125
4491.8203125
4491.8203125
4491.8203125
4491.8203125
4491.8203125
4491.8203125
4491.8203125
4491.8203125
4491.8203125
4491.8203125
4491.8203125
4491.8203125
4491.8203125
4491.8203125
4494.62890625
4505.15625
4515.5625
4525.6015625
4534.92578125
4544.328125
4553.44921875
4562.5
4570.9296875
4579.34375
4587.87890625
4596.63671875
4605.23828125
4613.91015625
4622.1953125
4630.5078125
4636.76171875
4641.8046875
4648.2421875
4655.14453125
4663.44140625
4672.328125
4681.08203125
4690.16015625
4698.55859375
4707.26171875
4715.80078125
4724.359375
4732.66015625
4741.03125
4749.3203125
4757.6171875
4762.78515625
4770.3046875
4778.234375
4786.859375
4794.98046875
4803.39453125
4811.59375
4819.9296875
4827.90625
4835.8515625
4843.78125
4852.1484375
4859.5546875
4867.41796875
4874.78125
4878.31640625
4878.31640625
4878.31640625
4878.31640625
4878.31640625
4878.31640625
4878.31640625
4878.31640625
4878.31640625
4141.01171875
4296.05078125
4457.63671875
4643.8984375
4817.21875
4990.48046875
5091.671875
5091.71875
5091.76953125
5091.8203125
5091.8671875
5091.9140625
5091.96484375
5092.015625
5092.06640625
5092.11328125
5092.1640625
5092.21484375
5092.26171875
5092.30859375
5092.359375
5092.41015625
5092.45703125
5092.50390625
5092.55078125
5092.6015625
5092.65234375
5092.69921875
5092.74609375
5092.78515625
5092.828125
5092.875
5092.91796875
5092.96484375
5093.01171875
5093.0625
5093.109375
5093.16015625
5093.20703125
5093.2578125
5093.3046875
5093.35546875
5093.40234375
5093.42578125
5093.42578125
5093.42578125
4705.53125
4555.28125
4594.86328125
4638.75
4688.10546875
4739.15625
4790.03515625
4838.9296875
4849.9140625
4850.4453125
4850.4453125
4851.5078125
4851.5078125
4851.5078125
4851.5078125
4853.6328125
4853.6328125
4853.6328125
4853.6328125
4853.6328125
4853.6328125
4853.6328125
4853.6328125
4853.6328125
4853.6328125
4853.6328125
4857.8828125
4857.8828125
4857.8828125
4857.8828125
4857.8828125
4857.8828125
4857.8828125
4857.8828125
4857.8828125
4857.8828125
4857.8828125
4857.8828125
4857.8828125
4857.8828125
4857.8828125
4857.8828125
4857.8828125
4857.8828125
4857.8828125
4857.8828125
4857.8828125
4857.8828125
4857.8828125
4857.8828125
4857.8828125
4857.8828125
4857.8828125
4857.8828125
4857.8828125
4857.8828125
4857.8828125
4857.8828125
4857.8828125
4857.8828125
4857.8828125
4857.8828125
4857.8828125
4857.8828125
4857.8828125
4857.8828125
4857.8828125
4857.8828125
4857.8828125
4857.8828125
4857.8828125
4857.8828125
4857.8828125
4857.8828125
4857.8828125
4857.8828125
4857.8828125
4857.8828125
4857.8828125
4857.8828125
4857.8828125
4857.8828125
4857.8828125
4857.8828125
4857.8828125
4857.8828125
4857.8828125
4857.8828125
4857.8828125
4857.8828125
4857.8828125
4857.8828125
4857.8828125
4857.8828125
4857.8828125
4857.8828125
4857.8828125
4857.8828125
4857.8828125
4857.8828125
4857.8828125
4857.8828125
4857.8828125
4857.8828125
4857.8828125
4857.8828125
4857.8828125
4857.8828125
4857.8828125
4874.19140625
4874.19140625
4874.19140625
4874.19140625
4874.19140625
4874.19140625
4874.19140625
4874.19140625
4874.19140625
4874.19140625
4874.19140625
4874.19140625
4874.19140625
4874.19140625
4874.19140625
4874.19140625
4874.19140625
4893.28515625
4896.66015625
4900.046875
4903.4765625
4906.9296875
4910.390625
4913.859375
4917.3203125
4920.6484375
4924.1484375
4927.578125
4931.08984375
4934.4921875
4937.984375
4941.35546875
4944.80078125
4948.17578125
4951.6171875
4954.9609375
4958.43359375
4961.8828125
4965.38671875
4968.859375
4972.38671875
4975.68359375
4979.05859375
4982.45703125
4985.921875
4988.94140625
4992.125
4995.46484375
4998.859375
5002.13671875
5005.44140625
5008.72265625
5012.12109375
5015.5078125
5018.3046875
5021.84765625
5025.46484375
5082.4453125
5121.921875
5255.7890625
5400.91796875
5538.15625
5625.19921875
5540.6484375
5482.1640625
5442.1015625
5428.36328125
5491.90234375
5552.203125
5570.3828125
5587.609375
5246.6328125
4467.078125
4467.078125
4467.078125
4467.078125
4467.078125
4467.078125
4467.078125
4467.078125
4467.078125
4467.078125
4467.078125
4467.078125
4467.078125
4441.45703125
4455.30078125
4596.84765625
4753.25390625
4920.61328125
5092.6328125
5137.08984375
5137.08984375
5137.08984375
5137.08984375
5137.08984375
5137.08984375
5137.08984375
4393.3046875
4398.671875
4398.671875
4398.671875
4398.671875
4398.671875
4469.15625
4475.80859375
4480.125
4484.2890625
4488.64453125
4493.0390625
4497.06640625
4501.28125
4505.38671875
4507.1484375
4507.1484375
4507.1484375
4507.1484375
4514.8984375
4514.8984375
4514.8984375
4514.8984375
4514.8984375
4514.8984375
4514.8984375
4514.8984375
4514.8984375
4514.8984375
4514.8984375
4514.8984375
4514.8984375
4578.8984375
4578.6484375
4578.6484375
4578.6484375
4578.6484375
4578.6484375
4578.6484375
4578.6484375
4578.6484375
4578.6484375
4578.6484375
4578.6484375
4578.6484375
4617.64453125
4706.3984375
4706.3984375
4706.3984375
4706.3984375
4706.3984375
4706.3984375
4706.3984375
4706.3984375
4706.3984375
4706.3984375
4573.83203125
4348.6953125
4526.03515625
4714.15234375
4890.17578125
5075.10546875
5141.765625
5141.765625
5141.765625
5141.765625
5141.765625
5141.765625
5141.765625
5141.765625
5141.765625
5141.765625
5141.765625
5141.765625
5141.765625
5141.765625
5141.765625
5141.765625
5141.765625
5141.765625
5141.765625
5141.765625
5141.765625
5141.765625
5141.765625
5141.765625
5141.765625
5141.765625
5141.765625
5141.765625
5141.765625
5141.765625
5141.765625
5141.765625
5141.765625
5141.765625
5141.765625
5141.765625
5141.765625
5141.765625
5141.765625
5141.765625
5141.765625
5141.765625
5141.765625
5141.765625
5141.765625
5141.765625
5141.765625
5141.765625
5141.765625
5141.765625
5141.765625
5141.765625
5141.765625
5141.765625
5141.765625
5141.765625
5141.765625
5141.765625
5141.765625
5141.765625
5141.765625
5141.765625
5141.765625
5141.765625
5141.765625
5141.765625
5141.765625
5141.765625
5141.765625
5141.765625
5141.765625
5141.765625
5141.765625
5141.765625
5141.765625
5141.765625
5141.765625
5141.765625
5141.765625
5141.765625
5141.765625
5141.765625
5141.765625
5141.765625
5141.765625
5141.765625
5141.765625
5141.765625
5141.765625
5141.765625
5141.765625
5141.765625
5141.765625
5141.765625
5141.765625
5141.765625
5141.765625
5141.765625
5141.765625
5141.765625
5141.765625
5141.765625
5141.765625
5141.765625
5141.765625
5141.765625
5141.765625
5141.765625
5141.765625
5141.765625
5141.765625
5141.765625
5103.765625
4370.10546875
4378.5625
4387.02734375
4395.34765625
4403.359375
4411.8203125
4419.49609375
4428.03125
4436.3046875
4444.96484375
4453.3671875
4460.51171875
4467.28515625
4473.28515625
4480.6953125
4489.03515625
4497.4609375
4505.7109375
4513.73046875
4521.90625
4530.08984375
4538.44140625
4545.96484375
4553.59765625
4561.22265625
4569.390625
4577.45703125
4585.66015625
4593.66015625
4601.34765625
4608.953125
4616.7734375
4624.1328125
4631.62890625
4639.2265625
4646.890625
4654.75
4662.98046875
4670.6875
4678.55078125
4686.640625
4694.72265625
4702.5859375
4710.65234375
4718.39453125
4726.01171875
4733.7265625
4741.34375
4748.94921875
4756.59765625
4764.16796875
4770.203125
4776.91015625
4782.3671875
4789.17578125
4796.1015625
4804.203125
4811.5390625
4818.84765625
4826.0859375
4833.61328125
4841.46484375
4849.140625
4857.015625
4864.62109375
4872.18359375
4879.96484375
4887.7109375
4895.46484375
4903.09375
4910.98046875
4918.64453125
4926.56640625
4934.59375
4942.50390625
4950.23046875
4958.37109375
4966.2265625
4974.25390625
4982.234375
4990.26171875
4998.19140625
5006.375
5014.484375
5022.16796875
5029.515625
5037.1953125
5044.953125
5053.03515625
5061.0390625
5069.0546875
5076.25
5084.08984375
5091.84765625
5099.734375
5107.54296875
5115.73046875
5123.796875
5132.046875
5139.96875
5148.21484375
5155.5859375
5163.01953125
5170.703125
5178.12109375
5185.43359375
5193.48828125
5201.3515625
5209.35546875
5217.21484375
5225.27734375
5232.83984375
5238.8125
5246.3984375
5254.2890625
5261.84375
5269.84765625
5277.71875
5285.73828125
5293.37109375
5301.1484375
5308.5859375
5316.46484375
5324.2421875
5332.0859375
5339.5625
5347.37890625
5355.296875
5363.44140625
5371.22265625
5378.99609375
5386.6484375
5394.78125
5402.76171875
5410.71875
5418.81640625
5426.796875
5434.80859375
5442.7890625
5450.6875
5458.51953125
5466.30078125
5474.359375
5482.2109375
4449.4921875
4454.953125
4626.8203125
4792.87109375
4954.7421875
5057.078125
5057.078125
5057.078125
5057.078125
4673.078125
4349.1328125
4502.1796875
4651.2265625
4792.37109375
4934.4609375
5059.41796875
5059.41796875
5059.41796875
5059.41796875
5059.41796875
5059.41796875
5059.41796875
5059.41796875
5090.6171875
5264.99609375
5436.265625
5596.3984375
5623.38671875
5643.0390625
5714.26171875
5596.62890625
5570.1015625
5570.1015625
5570.1015625
5570.1015625
5570.1015625
5570.1015625
5570.1015625
5570.1015625
5570.1015625
5570.1015625
5570.1015625
5570.1015625
5570.1015625
5570.1015625
5570.1015625
5570.1015625
5570.1015625
5570.1015625
5570.1015625
5570.1015625
5570.1015625
5570.1015625
5570.1015625
5564.59765625
5564.59765625
5564.59765625
5539.21875
5536.59375
5536.59375
5536.59375
5536.59375
5536.59375
5536.59375
5536.59375
5536.59375
5536.59375
5536.59375
5536.59375
5536.59375
5536.59375
5492.99609375
5490.65234375
5490.59765625
5490.59765625
5490.59765625
5490.59765625
5490.56640625
5490.56640625
5490.56640625
5490.56640625
5490.56640625
5490.56640625
5490.56640625
5490.56640625
5490.56640625
5490.56640625
5490.56640625
5490.56640625
5490.56640625
5490.56640625
5490.56640625
5490.56640625
5490.56640625
5490.56640625
5490.56640625
5490.56640625
5490.56640625
5490.56640625
5490.56640625
5490.56640625
5490.56640625
5490.56640625
5490.56640625
5490.56640625
5490.56640625
5490.56640625
5490.56640625
5490.56640625
5490.56640625
5490.56640625
5490.56640625
5490.56640625
5490.56640625
5490.56640625
5490.56640625
5490.56640625
5490.56640625
5490.56640625
5490.56640625
5490.56640625
5490.56640625
5234.56640625
4753.53515625
4762.44140625
4771.17578125
4778.7109375
4787.11328125
4795.94921875
4804.24609375
4812.65625
4820.88671875
4829.4140625
4837.91015625
4846.48828125
4854.50390625
4862.73046875
4871.30078125
4880.0078125
4888.43359375
4897.171875
4905.36328125
4913.95703125
4922.4375
4931.28515625
4939.8984375
4948.27734375
4956.8359375
4965.77734375
4974.390625
4983.19140625
4992.00390625
5000.25
5008.6640625
5016.625
5024.88671875
5033.2890625
5041.87890625
5050.64453125
5058.6328125
5067.17578125
5075.734375
5084.66015625
5093.37890625
5101.73828125
5110.05859375
5118.47265625
5126.7421875
5135.30078125
5143.51171875
5152.26953125
5160.73046875
5169.40234375
5177.765625
5186.3359375
5194.8984375
5203.23046875
5211.6015625
5220.1875
5228.28515625
5236.79296875
5244.9375
5253.50390625
5256.8125
5263.4921875
5271.65625
5279.98828125
5288.32421875
5296.76953125
5304.69140625
5313.29296875
5321.68359375
5330.62890625
5339.42578125
5348.390625
5357.125
5366.01953125
5374.48046875
5383.20703125
5391.5546875
5399.828125
5407.79296875
5416.13671875
5424.625
5433.49609375
5442.859375
5451.98828125
5460.58984375
5469.22265625
5476.48046875
5484.671875
5493.03515625
5501.6796875
5510.23828125
5518.3125
5526.51171875
5534.9296875
5543.09375
5551.41015625
5559.4765625
5568.02734375
5576.69140625
5585.375
5593.9375
5602.3046875
5609.35546875
5615.515625
5620.12890625
5628.546875
5636.88671875
5644.0625
5652.10546875
5659.51171875
5666.9453125
5674.62109375
5682.90234375
5689.65625
5697.55078125
5703.78515625
5711.92578125
5720.1875
5728.5625
5735.96484375
5738.71875
5738.609375
5730.8359375
5732.05859375
5732.3203125
5732.05078125
5725.57421875
5722.82421875
5725.4375
5726.1015625
5726.9296875
5726.69140625
5725.62890625
5718.52734375
5721.921875
5720.6484375
5725.90234375
5103.953125
5000.6796875
5000.7578125
5000.7578125
5000.7578125
4117.0703125
4045.4375
4094.0546875
4145.17578125
4201.28125
4263.28125
4323.55078125
4336.18359375
4335.703125
4335.48046875
4331.96875
4332.18359375
4332.53515625
4332.84765625
4333.55078125
4322.40234375
4322.4296875
4322.46484375
4322.4921875
4322.51953125
4322.5546875
4322.55859375
4322.890625
4323.83203125
4324.61328125
4317.24609375
4317.89453125
4299.90234375
4299.9609375
4300.0078125
4300.03515625
4300.2421875
4300.3046875
4300.33984375
4300.3515625
4300.70703125
4298.15625
4299.1171875
4300.140625
4300.046875
4301.01953125
4301.984375
4302.98828125
4303.91015625
4304.953125
4305.98046875
4306.9609375
4307.90625
4308.81640625
4309.65625
4310.6171875
4269.42578125
4269.78125
4270.11328125
4270.46484375
4270.8125
4271.1796875
4271.51953125
4271.87890625
4272.2265625
4272.5625
4272.9375
4273.86328125
4267.6015625
4268.62109375
4243.58203125
4244.2734375
4244.921875
4245.578125
4246.2421875
4246.9375
4247.5859375
4248.21484375
4248.84765625
4249.52734375
4250.1953125
4250.90625
4251.56640625
4252.24609375
4252.91015625
4253.59375
4254.234375
4254.85546875
4255.4921875
4256.3125
4256.984375
4257.64453125
4258.296875
4258.94140625
4259.55859375
4260.18359375
4260.85546875
4261.5
4262.16796875
4262.84375
4263.44921875
4264.078125
4264.703125
4265.375
4266.02734375
4266.6875
4267.35546875
4268.015625
4268.6640625
4269.2734375
4269.9140625
4270.5703125
4271.2578125
4271.92578125
4272.5546875
4273.1796875
4273.80078125
4274.43359375
4275.09765625
4275.73828125
4276.53515625
4277.48046875
4278.41015625
4279.3515625
4280.27734375
4281.1328125
4282.08203125
4282.984375
4283.9765625
4284.94921875
4285.9453125
4286.90234375
4287.8671875
4288.78125
4289.734375
4290.64453125
4291.56640625
4292.4140625
4249.78515625
4250.65234375
4251.2734375
4252.1796875
4253.18359375
4254.09765625
4255.06640625
4256.01171875
4256.96875
4257.84375
4258.71875
4259.59765625
4260.53515625
4261.5078125
4262.44140625
4263.30078125
4264.1953125
4265.1640625
4266.1484375
4267.046875
4268.0
4268.89453125
4269.82421875
4270.7890625
4271.80859375
4272.73828125
4273.703125
4274.62109375
4275.3203125
4275.9921875
4276.578125
4277.45703125
4278.359375
4279.3046875
4280.19921875
4281.14453125
4282.12109375
4283.078125
4284.03515625
4284.94140625
4285.8515625
4286.76953125
4287.16796875
4287.94140625
4288.84375
4289.81640625
4290.7734375
4291.71875
4292.6875
4293.6015625
4294.578125
4295.5390625
4296.47265625
4297.34765625
4298.265625
4299.1953125
4300.19140625
4301.09375
4301.98046875
4302.87109375
4303.80859375
4304.75390625
4305.67578125
4306.5859375
4307.52734375
4308.42578125
4309.328125
4310.21875
4311.10546875
4312.05078125
4312.97265625
4313.8984375
4314.82421875
4315.74609375
4316.68359375
4317.62109375
4318.58203125
4319.5078125
4320.4453125
4321.390625
4275.6015625
4276.484375
4277.36328125
4278.28515625
4279.24609375
4234.42578125
4235.05859375
4235.8828125
4236.7421875
4237.62109375
4238.5703125
4239.46875
4240.35546875
4241.28125
4242.203125
4243.1171875
4244.01953125
4244.953125
4245.84375
4246.75
4247.62890625
4248.52734375
4249.41796875
4250.3046875
4251.23046875
4252.18359375
4253.09765625
4254.0078125
4254.69921875
4255.49609375
4256.35546875
4257.26171875
4258.140625
4259.14453125
4260.05859375
4260.72265625
4261.44921875
4262.1640625
4263.0234375
4263.890625
4264.75390625
4265.65625
4266.640625
4267.546875
4268.515625
4269.3984375
4270.25
4271.15625
4272.0859375
4273.04296875
4274.01953125
4275.015625
4275.9765625
4276.96484375
4277.9140625
4278.87109375
4279.8203125
4280.81640625
4281.71484375
4282.6875
4283.578125
4284.48828125
4285.4375
4286.4453125
4287.39453125
4288.390625
4289.375
4290.25390625
4290.9296875
4291.74609375
4292.62890625
4293.546875
4294.4921875
4295.46875
4296.40234375
4297.359375
4298.28125
4299.1796875
4300.03515625
4300.9375
4301.8515625
4302.8203125
4303.71875
4304.62890625
4305.46875
4306.10546875
4306.98046875
4307.92578125
4308.82421875
4309.796875
4310.71875
4311.58984375
4312.48828125
4313.39453125
4314.328125
4315.28125
4316.1953125
4317.10546875
4318.03125
4318.9921875
4319.92578125
4320.80859375
4321.7109375
4322.6328125
4323.5625
4324.51953125
4325.4921875
4326.40234375
4327.3359375
4328.265625
4329.19921875
4330.1171875
4330.91015625
4331.58203125
4332.41796875
4333.2734375
4334.171875
4335.05859375
4336.02734375
4337.0078125
4304.390625
4305.3828125
4306.26171875
4307.15234375
4308.0859375
4309.06640625
4310.0546875
4311.0078125
4312.0
4312.96484375
4313.9609375
4314.9765625
4315.984375
4316.92578125
4317.83984375
4318.79296875
4319.7265625
4320.62890625
4321.56640625
4322.5234375
4323.5
4324.46875
4325.40234375
4326.28515625
4327.203125
4328.109375
4329.12109375
4330.0859375
4331.11328125
4332.05078125
4333.015625
4333.984375
4334.9453125
4335.921875
4336.9140625
4337.76171875
4338.4609375
4339.0546875
4339.79296875
4340.5390625
4341.3984375
4342.23046875
4343.109375
4343.9921875
4344.953125
4345.921875
4346.88671875
4347.80078125
4348.796875
4349.71875
4350.64453125
4351.5859375
4352.546875
4353.5
4354.5078125
4355.48046875
4356.5
4357.43359375
4358.30859375
4359.16796875
4360.12109375
4361.04296875
4362.0546875
4362.9609375
4363.7890625
4364.64453125
4365.51171875
4366.39453125
4367.3828125
4368.3515625
4369.34765625
4370.21875
4371.09765625
4371.94921875
4372.75390625
4373.3984375
4374.09375
4374.78125
4375.6484375
4376.58203125
4377.60546875
4378.60546875
4379.55859375
4380.5390625
4381.5234375
4382.32421875
4383.19140625
4384.046875
4385.0
4385.9375
4386.87890625
4387.82421875
4388.796875
4389.5625
4390.29296875
4391.07421875
4391.96484375
4392.86328125
4393.84765625
4394.80859375
4395.8125
4396.79296875
4397.7578125
4398.6953125
4399.6796875
4400.64453125
4401.5625
4402.4609375
4403.34765625
4404.33203125
4405.32421875
4406.3046875
4407.2734375
4408.08203125
4408.53125
4409.33203125
4410.046875
4376.6015625
4377.46484375
4378.37890625
4379.3359375
4380.28125
4381.2578125
4382.171875
4383.0703125
4383.98046875
4384.91015625
4385.859375
4386.65234375
4387.390625
4388.0703125
4388.9140625
4389.828125
4390.74609375
4391.69140625
4392.63671875
4393.56640625
4394.4609375
4395.33203125
4396.18359375
4397.14453125
4398.140625
4399.11328125
4400.10546875
4400.9375
4401.7578125
4402.484375
4403.34375
4404.18359375
4405.08984375
4405.953125
4406.875
4407.8515625
4249.609375
4250.5546875
4251.50390625
4252.41015625
4253.359375
4253.75390625
4254.40625
4255.0625
4255.6796875
4256.42578125
4257.2421875
4258.1640625
4259.15625
4260.0703125
4260.95703125
4261.80859375
4262.64453125
4263.45703125
4264.3203125
4265.19921875
4266.046875
4266.9140625
4267.765625
4268.60546875
4269.46875
4270.359375
4271.30859375
4272.21484375
4273.15625
4274.08203125
4275.01171875
4275.9296875
4276.85546875
4277.72265625
4278.62109375
4279.55078125
4280.515625
4281.46875
4282.4375
4283.08203125
4283.8515625
4284.734375
4285.65234375
4286.4921875
4287.3671875
4288.25
4289.1796875
4290.109375
4291.08203125
4292.015625
4292.93359375
4293.859375
4294.75390625
4295.6640625
4296.64453125
4297.56640625
4298.4921875
4299.41796875
4300.37109375
4301.24609375
4302.15234375
4303.0859375
4304.0078125
4304.8984375
4305.80859375
4306.74609375
4307.71484375
4308.6015625
4309.4921875
4310.40625
4311.328125
4312.4453125
4313.35546875
4314.28515625
4315.18359375
4316.0546875
4316.9296875
4317.87109375
4318.80078125
4319.7109375
4320.6484375
4321.0546875
4321.8515625
4322.74609375
4323.68359375
4324.61328125
4325.5234375
4326.46875
4327.40625
4328.3359375
4329.25
4330.140625
4331.04296875
4331.93359375
4332.84765625
4333.80859375
4334.76171875
4335.72265625
4336.6484375
4337.58203125
4338.5078125
4339.44140625
4340.28125
4341.1484375
4341.9921875
4342.9453125
4343.86328125
4344.7578125
4345.53515625
4346.4375
4347.37890625
4348.34765625
4349.25390625
4350.1484375
4351.0078125
4351.9609375
4352.89453125
4353.8203125
4354.73828125
4355.6875
4356.58984375
4357.55859375
4358.46875
4359.453125
4360.32421875
4361.24609375
4362.14453125
4363.078125
4363.92578125
4364.60546875
4365.51953125
4366.4375
4367.34375
4293.04296875
4293.99609375
4294.94140625
4295.87890625
4296.8203125
4297.765625
4298.671875
4299.61328125
4300.578125
4301.55078125
4302.5234375
4303.48046875
4304.44921875
4305.4296875
4306.41015625
4307.3515625
4308.30078125
4309.26171875
4310.2578125
4311.1953125
4312.1796875
4313.0859375
4313.9765625
4314.88671875
4315.83203125
4316.7734375
4317.7265625
4318.68359375
4319.37890625
4320.02734375
4320.62890625
4321.30859375
4322.234375
4323.12890625
4324.046875
4324.9921875
4326.02734375
4327.0234375
4328.0234375
4328.95703125
4329.94921875
4330.90234375
4331.890625
4332.76171875
4333.4609375
4334.30859375
4335.234375
4336.09765625
4336.83984375
4337.55078125
4338.2109375
4338.70703125
4339.59375
4340.51953125
4341.3828125
4342.19921875
4342.94921875
4343.765625
4344.63671875
4345.56640625
4346.52734375
4347.4375
4348.1640625
4348.91015625
4349.55078125
4350.28125
4351.25
4352.16796875
4353.11328125
4353.8359375
4354.52734375
4355.34375
4356.203125
4357.0234375
4357.828125
4358.69140625
4359.58984375
4360.4921875
4361.3515625
4362.23046875
4363.14453125
4363.88671875
4364.7578125
4365.65234375
4366.578125
4367.51171875
4368.43359375
4369.09765625
4369.78125
4370.41015625
4371.24609375
4372.13671875
4373.09375
4374.0078125
4374.84375
4375.80859375
4376.71484375
4377.6015625
4378.515625
4379.4453125
4380.3828125
4381.29296875
4382.17578125
4383.04296875
4383.921875
4384.796875
4385.73828125
4386.5078125
4387.2109375
4387.765625
4388.4375
4389.37109375
4390.2421875
4391.19921875
4392.1328125
4393.00390625
4393.02734375
4393.90625
4394.56640625
4395.26171875
4396.16015625
4396.65625
4397.6015625
4398.40234375
4399.2578125
4400.09375
4401.046875
4401.9921875
4402.8828125
4403.79296875
4404.7421875
4405.7265625
4406.59765625
4407.51953125
4408.39453125
4409.328125
4410.28515625
4411.23046875
4412.15625
4413.05078125
4413.9609375
4414.86328125
4415.796875
4416.7890625
4417.76953125
4418.73828125
4419.70703125
4420.68359375
4421.6484375
4422.64453125
4423.640625
4467.16796875
4559.11328125
4647.8203125
4733.22265625
4782.796875
4782.796875
4782.796875
4782.796875
4782.796875
4782.796875
4782.796875
4782.796875
4782.796875
4782.796875
4782.796875
4782.796875
4782.796875
4782.796875
4782.796875
4782.796875
4782.796875
4782.796875
4782.796875
4782.796875
4782.796875
4782.796875
4782.796875
4782.796875
4782.796875
4782.796875
4782.796875
4782.796875
4782.796875
4782.796875
4782.796875
4782.796875
4782.796875
4782.796875
4782.796875
4782.796875
4782.796875
4782.796875
4782.796875
4782.796875
4782.796875
4782.796875
4786.18359375
4791.1796875
4796.73828125
4801.62890625
4806.46484375
4812.37890625
4818.0078125
4823.4765625
4828.95703125
4834.4375
4839.87890625
4845.6484375
4851.51171875
4857.1875
4863.11328125
4869.03515625
4874.2578125
4879.10546875
4883.56640625
4888.1484375
4893.953125
4899.63671875
4904.890625
4909.8125
4914.77734375
4920.30078125
4926.3046875
4932.32421875
4938.26171875
4944.1640625
4949.79296875
4955.3359375
4961.2890625
4967.5859375
4973.7890625
4979.66015625
4985.46875
4991.26953125
4996.7421875
5002.953125
5003.6640625
5003.6640625
5003.6640625
4657.41015625
4841.71484375
5030.77734375
5135.0390625
5135.08984375
5135.140625
5135.19140625
5135.2421875
5135.28125
5135.32421875
5135.37109375
5135.421875
5135.46875
5135.51953125
5135.56640625
5135.6171875
5135.66796875
5135.71484375
5135.765625
5135.8125
5135.86328125
5135.91015625
5135.9609375
5136.01171875
5136.0625
5136.10546875
5118.2734375
5036.08984375
5183.16015625
5334.78125
5356.96875
5356.96875
5356.96875
5356.96875
5356.97265625
5524.0703125
5702.28515625
5807.4609375
5807.4609375
5807.4609375
5807.4609375
5807.4609375
5807.4609375
5807.4609375
5807.4609375
5807.4609375
5807.4609375
5807.4609375
5807.4609375
5807.4609375
5807.4609375
5807.4609375
5807.4609375
5807.4609375
5807.4609375
5807.4609375
5807.4609375
5807.4609375
5807.4609375
5807.4609375
5807.4609375
5807.4609375
5807.4609375
5807.4609375
5807.4609375
5807.4609375
5807.4609375
5807.4609375
5807.4609375
5807.4609375
5807.4609375
5807.4609375
5807.4609375
5807.4609375
5807.4609375
5807.4609375
5807.4609375
5807.4609375
5807.4609375
5807.4609375
5807.4609375
5807.4609375
5807.4609375
5807.4609375
5807.4609375
5807.4609375
5807.4609375
5807.4609375
5807.4609375
5807.4609375
5807.4609375
5807.4609375
5807.4609375
5807.4609375
5807.4609375
5368.60546875
5376.48046875
5384.16015625
5391.625
5399.40234375
5407.6015625
5416.09375
5424.5859375
5433.3046875
5441.74609375
5450.390625
5458.3984375
5466.8203125
5474.78125
5483.125
5491.04296875
5498.96875
5506.76953125
5514.56640625
5522.7421875
5530.046875
5536.88671875
5543.88671875
5550.765625
5558.49609375
5565.4140625
5572.375
5579.84765625
5587.421875
5595.0234375
5602.67578125
5610.12109375
5617.7734375
5625.41015625
5633.203125
5640.6796875
5648.44921875
5656.1484375
5663.7578125
5671.36328125
5679.12109375
5686.6640625
5694.2578125
5701.79296875
5709.40234375
5716.88671875
5724.4453125
5732.0625
5740.046875
5747.8359375
5755.79296875
5763.52734375
5771.46484375
5779.24609375
5787.10546875
5794.96875
5802.7265625
5810.33203125
5817.9140625
5825.4765625
5833.03515625
5840.79296875
5848.828125
5856.59765625
5864.53125
5872.3515625
5880.1796875
5888.015625
5895.62109375
5903.37890625
5911.08203125
5918.59375
5926.39453125
5934.30859375
5941.93359375
5948.078125
5951.1015625
5956.77734375
5962.81640625
5968.828125
5974.78125
5980.8046875
5986.8671875
5992.796875
5995.74609375
6001.58203125
6007.140625
6013.1640625
6020.02734375
6026.18359375
5587.75
5587.7578125
5587.7578125
5459.7578125
4926.3203125
4930.68359375
4932.79296875
4933.35546875
4934.48046875
4934.48046875
4934.48046875
4934.48046875
4934.48046875
4934.48046875
4934.48046875
4934.48046875
4934.48046875
4934.48046875
4934.48046875
4934.515625
4930.6015625
4924.6171875
4924.6171875
4924.6171875
4924.6171875
4924.6171875
4924.6171875
4924.6171875
5014.609375
5174.7265625
5329.68359375
5490.3046875
5644.50390625
5670.26953125
4938.0390625
4973.9375
5001.69140625
5129.57421875
5307.125
5472.03515625
5638.8359375
5763.4296875
5764.30859375
5765.16015625
5766.08984375
5221.46484375
5064.828125
5112.7109375
5160.4765625
5210.01953125
5255.9140625
5294.76953125
5334.40234375
5380.0390625
5416.3203125
5457.84765625
5497.6015625
5536.7265625
5578.578125
5621.43359375
5663.39453125
5709.49609375
5748.1796875
5784.02734375
5819.16015625
5851.75390625
5892.79296875
5934.52734375
5974.0546875
6006.9375
6039.203125
6035.17578125
6035.17578125
6035.17578125
6035.17578125
5432.37890625
5017.76953125
5038.91796875
5188.828125
5341.56640625
5496.85546875
5658.73046875
5769.83203125
5769.83203125
5769.83203125
5769.83203125
5769.83203125
5769.83203125
5769.83203125
5769.83203125
5769.83203125
5769.83203125
5769.83203125
5769.83203125
5769.83203125
5769.83203125
5769.83203125
5769.83203125
5769.83203125
5769.83203125
5769.83203125
5769.83203125
5769.83203125
5769.83203125
5769.83203125
5769.83203125
5769.83203125
5769.83203125
5769.83203125
5769.83203125
5769.83203125
5769.83203125
5769.83203125
5769.83203125
5769.83203125
5769.83203125
5769.83203125
5769.83203125
5769.83203125
5769.83203125
5769.83203125
5769.83203125
5769.83203125
5769.83203125
5769.83203125
5769.83203125
5769.83203125
5769.83203125
5769.83203125
5769.83203125
5769.83203125
5769.83203125
5769.83203125
5769.83203125
5769.83203125
5769.83203125
5769.83203125
5769.83203125
5769.83203125
5769.83203125
5769.83203125
5769.83203125
5769.83203125
5769.83203125
5769.83203125
5769.83203125
5769.83203125
5769.83203125
5769.83203125
5769.83203125
5769.83203125
5769.83203125
5769.83203125
5769.83203125
5769.83203125
5769.83203125
5769.83203125
5769.83203125
5769.83203125
5769.83203125
5769.83203125
5028.81640625
5038.77734375
5047.8203125
5057.59375
5066.76953125
5075.75
5084.6875
5094.44921875
5104.2109375
5114.74609375
5124.25390625
5134.26953125
5144.171875
5153.66796875
5163.41796875
5173.328125
5183.1015625
5192.64453125
5201.8984375
5211.734375
5221.12890625
5230.43359375
5239.75
5248.5390625
5257.60546875
5266.484375
5275.19921875
5284.02734375
5292.6875
5302.28515625
5311.85546875
5321.58203125
5328.765625
5336.5703125
5345.09375
5354.43359375
5363.66796875
5373.44140625
5382.18359375
5391.76953125
5400.71875
5410.2265625
5419.71875
5429.48828125
5439.1796875
5449.21484375
5458.50390625
5468.0234375
5476.94140625
5486.84375
5496.49609375
5506.35546875
5516.046875
5525.5
5534.46875
5544.015625
5553.63671875
5562.953125
5572.08203125
5581.578125
5590.50390625
5599.75
5609.0546875
5618.6171875
5628.2421875
5638.12890625
5647.609375
5656.8828125
5666.1015625
5675.52734375
5684.78125
5694.05078125
5702.97265625
5712.21484375
5721.671875
5731.12890625
5740.23828125
5749.25
5758.1328125
5763.41796875
5771.52734375
5780.98046875
5790.25
5799.90625
5808.87109375
5817.55859375
5826.578125
5834.9453125
5843.0703125
5852.046875
5861.57421875
5871.21875
5881.015625
5890.61328125
5900.1875
5909.6640625
5919.35546875
5928.734375
5938.609375
5948.3828125
5958.3359375
5968.0390625
5977.7421875
5987.30078125
5996.57421875
6005.7109375
6015.30859375
6024.25
6033.4140625
6042.6171875
6051.9921875
6061.64453125
6071.234375
6080.78125
6090.6953125
6100.24609375
6109.36328125
6117.9453125
6127.296875
6136.59765625
6084.62109375
6082.328125
6093.3203125
6111.91796875
6196.50390625
6295.91796875
6378.30859375
6467.83984375
6570.17578125
6679.33203125
6771.984375
6865.26171875
6943.25
6997.48046875
7071.18359375
7170.25390625
7209.8125
7240.21875
7212.84375
7273.30078125
7231.484375
7239.8515625
7304.87109375
7305.515625
7306.1640625
7306.79296875
7307.41015625
7307.9765625
7308.46484375
7308.4609375
7308.4609375
7308.4609375
7308.45703125
7308.45703125
7308.45703125
7308.45703125
7308.45703125
7308.45703125
7308.45703125
7308.453125
7308.453125
7308.453125
7308.453125
7308.453125
7308.4453125
7308.44140625
7308.44140625
7308.44140625
7308.44140625
7308.44140625
7308.44140625
7308.44140625
7308.43359375
7308.43359375
7308.43359375
7308.43359375
7308.43359375
7308.43359375
7308.43359375
7308.43359375
7308.43359375
7308.43359375
7308.43359375
7308.43359375
7308.43359375
7308.43359375
7308.43359375
7308.43359375
7308.43359375
7308.43359375
7308.43359375
7308.43359375
7308.43359375
7308.43359375
7308.43359375
7308.43359375
7308.43359375
7308.43359375
7308.43359375
7308.43359375
7308.43359375
7308.43359375
7308.43359375
7308.43359375
7308.43359375
7308.43359375
7308.43359375
7308.43359375
7308.43359375
7308.43359375
7308.43359375
7308.43359375
7308.43359375
7308.43359375
7308.43359375
7308.43359375
7308.43359375
7308.43359375
7308.43359375
7308.42578125
7308.42578125
7308.42578125
7308.42578125
7308.42578125
7308.42578125
7308.42578125
7308.42578125
7308.42578125
7308.42578125
7308.42578125
7308.42578125
7308.42578125
7308.42578125
7308.42578125
7308.42578125
7308.42578125
7308.42578125
7308.42578125
7308.42578125
7308.42578125
7308.42578125
7308.42578125
7308.42578125
7308.42578125
7308.42578125
7308.42578125
7308.42578125
7308.42578125
7308.42578125
7308.42578125
7308.42578125
7308.42578125
7308.42578125
7308.42578125
7308.42578125
7308.42578125
7308.421875
7308.421875
7308.421875
7308.421875
7308.421875
7308.421875
7308.41015625
7308.41015625
7308.41015625
7308.41015625
7308.41015625
7308.41015625
7308.41015625
7308.41015625
7308.41015625
7308.41015625
7308.41015625
7308.41015625
7308.41015625
7308.41015625
7308.41015625
7308.41015625
7308.41015625
7308.41015625
7308.41015625
7308.41015625
7308.41015625
7308.41015625
7308.41015625
7308.41015625
7308.41015625
7308.41015625
7308.41015625
7308.41015625
7308.41015625
7308.41015625
7308.41015625
7308.41015625
7308.41015625
7308.41015625
7308.41015625
7308.41015625
7308.41015625
7308.41015625
7308.41015625
7308.41015625
7308.41015625
7308.41015625
7308.41015625
7308.41015625
7308.41015625
7308.41015625
7308.41015625
7308.41015625
7308.41015625
7308.41015625
7308.41015625
7308.41015625
7308.41015625
7308.41015625
7308.41015625
7308.41015625
7308.41015625
7308.41015625
7308.41015625
7308.41015625
7308.41015625
7308.41015625
7308.41015625
7308.41015625
7308.41015625
7308.41015625
7308.41015625
7308.41015625
7308.41015625
7308.41015625
7308.41015625
7308.41015625
7308.41015625
7308.41015625
7308.41015625
7308.41015625
7308.41015625
7308.41015625
7308.41015625
7308.41015625
7308.41015625
7308.41015625
7308.40625
7308.40625
7308.40625
7308.40625
7308.40625
7308.40625
7308.40625
7308.40625
7308.40625
7308.40625
7308.40625
7308.40625
7308.40625
7308.40625
7308.40625
7308.40625
7308.40625
7308.40625
7308.40625
7308.40625
7308.40625
7308.40625
7308.40625
7308.40625
7308.40625
7308.40625
7308.40625
7308.40625
7308.40625
7308.40625
7308.40625
7308.40625
7308.40625
7308.40625
7308.40625
7308.40625
7308.40625
7308.40625
7308.40625
7308.40625
7308.40625
7308.40625
7308.40625
7308.40625
7308.40625
7308.40625
7308.40625
7308.40625
7308.40625
7308.40625
7308.40625
7308.40625
7308.40625
7308.40625
7308.40625
7308.40625
7308.40625
7308.40625
7308.40625
7308.40625
7308.40625
7308.40625
7308.40625
7308.40625
7308.40625
7308.40625
7308.40625
7308.40625
7308.3984375
7308.3984375
7308.3984375
7308.3984375
7308.3984375
7308.3984375
7308.3984375
7308.3984375
7308.3984375
7308.3984375
7308.3984375
7308.3984375
7308.3828125
7308.37890625
7308.37890625
7308.37890625
7308.37890625
7308.37890625
7308.37890625
7308.37890625
7308.37890625
7308.37890625
7308.37890625
7308.37890625
7308.37890625
7308.37890625
7308.37890625
7308.34765625
7308.34375
7308.34375
7308.34375
7308.34375
7308.34375
7308.34375
7308.34375
7308.34375
7308.34375
7308.34375
7308.34375
7308.34375
7308.34375
7308.34375
7308.34375
7233.17578125
6857.2265625
6473.23828125
6087.3828125
4965.52734375
4962.73046875
5145.90234375
5316.0234375
5338.92578125
5338.92578125
5338.92578125
5338.92578125
5338.92578125
5338.92578125
5338.92578125
5338.92578125
5338.92578125
5338.92578125
5338.92578125
5338.92578125
5338.92578125
5338.92578125
5338.92578125
5338.92578125
5338.92578125
5338.92578125
5338.92578125
5338.92578125
5338.92578125
5338.92578125
5338.92578125
5338.92578125
5338.92578125
5338.92578125
5338.92578125
5338.92578125
5338.92578125
5338.92578125
5338.92578125
5338.92578125
5338.92578125
5338.92578125
5338.92578125
5338.92578125
5338.92578125
5338.92578125
5338.92578125
5338.92578125
5338.92578125
5338.92578125
5338.92578125
5338.92578125
5338.92578125
5338.92578125
5338.92578125
5338.92578125
5338.92578125
5338.92578125
5338.92578125
5338.92578125
5338.92578125
5338.92578125
5338.92578125
5338.92578125
5338.92578125
5338.92578125
5338.92578125
5338.92578125
5338.92578125
4900.49609375
4907.0390625
4913.6328125
4920.11328125
4926.48046875
4933.0625
4939.74609375
4946.5390625
4953.24609375
4959.6875
4966.08984375
4972.51953125
4978.9453125
4985.53125
4992.11328125
4998.52734375
5004.78515625
5011.13671875
5017.28515625
5023.16796875
5028.0234375
5034.37109375
5041.7578125
5049.36328125
5054.70703125
5063.1328125
5070.46875
5076.39453125
5084.4609375
5092.82421875
5101.30078125
5110.11328125
5118.94921875
5126.2734375
5132.765625
5138.82421875
5145.8671875
5152.81640625
5161.13671875
5168.33203125
5174.203125
5181.76953125
5188.49609375
5196.4921875
5204.66796875
5212.63671875
5220.2421875
5227.19140625
5234.78515625
5241.87890625
5248.08984375
5254.70703125
5260.7109375
5267.33203125
5274.671875
5281.3828125
5289.1875
5297.3984375
5304.98046875
5312.28125
5320.20703125
5328.48046875
5335.91015625
5343.2421875
5350.640625
5357.984375
5366.07421875
5374.296875
5382.546875
5390.3984375
5398.296875
5405.76171875
5413.40625
5418.69921875
5421.3125
5425.11328125
5428.79296875
5432.53125
5439.2421875
5440.203125
5442.2109375
5442.3515625
5443.87109375
5446.265625
5448.15234375
5451.8984375
5455.453125
5458.42578125
5461.015625
5463.3359375
5466.96875
5470.1328125
5474.59765625
5479.49609375
5485.296875
5487.58203125
5491.35546875
5494.82421875
5499.83984375
5504.70703125
5508.546875
5512.5234375
5514.41015625
5517.25390625
5521.95703125
5528.16796875
5533.6171875
5537.91015625
5542.109375
5547.13671875
5552.71875
5556.53515625
5558.39453125
5558.41796875
5558.41796875
5558.41796875
5558.41796875
5558.41796875
5132.28515625
4900.6953125
4955.796875
5005.765625
5075.765625
5166.03125
5197.76953125
5291.2734375
5325.84375
5434.15625
5531.609375
5669.390625
4988.42578125
4965.4921875
5000.31640625
4994.98046875
4990.31640625
5154.9296875
5321.44921875
5461.9140625
5619.90625
5737.0390625
5737.0390625
5737.0390625
5737.0390625
5737.0390625
4994.18359375
5026.609375
5069.58984375
5118.51171875
5156.703125
5196.84765625
5238.2109375
5280.3203125
5315.4296875
5352.421875
5390.3359375
5432.0546875
5473.046875
5520.3203125
5548.9375
5567.33203125
5609.91796875
5647.4140625
5687.77734375
5735.2890625
5789.5078125
5837.8203125
5883.62109375
5930.015625
5971.140625
6015.48828125
6059.8359375
6097.64453125
6097.64453125
6097.64453125
6097.64453125
5969.64453125
5048.16015625
5075.15625
5220.7421875
5391.80078125
5575.32421875
5745.84765625
5827.28515625
5827.28515625
5827.28515625
5827.28515625
5827.28515625
5827.28515625
5827.28515625
5827.28515625
5827.28515625
5827.28515625
5827.28515625
5827.28515625
5827.28515625
5827.28515625
5827.28515625
5827.28515625
5827.28515625
5827.28515625
5827.28515625
5827.28515625
5827.28515625
5827.28515625
5827.28515625
5827.28515625
5827.28515625
5827.28515625
5827.28515625
5827.28515625
5827.28515625
5827.28515625
5827.28515625
5827.28515625
5827.28515625
5827.28515625
5827.28515625
5827.28515625
5827.28515625
5827.28515625
5827.28515625
5827.28515625
5827.28515625
5827.28515625
5827.28515625
5827.28515625
5827.28515625
5827.28515625
5827.28515625
5827.28515625
5827.28515625
5827.28515625
5827.28515625
5827.28515625
5827.28515625
5827.28515625
5827.28515625
5827.28515625
5827.28515625
5827.28515625
5827.28515625
5827.28515625
5827.28515625
5827.28515625
5827.28515625
5827.28515625
5827.28515625
5827.28515625
5827.28515625
5827.28515625
5827.28515625
5827.28515625
5827.28515625
5827.28515625
5827.28515625
5827.28515625
5827.28515625
5827.28515625
5827.28515625
5827.28515625
5827.28515625
5827.28515625
5827.28515625
5827.28515625
5827.28515625
5827.28515625
5827.28515625
5827.28515625
5827.28515625
5827.28515625
5827.28515625
5827.28515625
5827.28515625
5827.28515625
5827.28515625
5827.28515625
5315.28515625
5089.46875
5096.109375
5102.1328125
5109.4921875
5118.2109375
5127.2265625
5131.46484375
5137.97265625
5147.16796875
5156.44140625
5162.88671875
5169.4765625
5174.89453125
5178.64453125
5184.84375
5191.6328125
5198.32421875
5204.921875
5212.5859375
5219.921875
5227.41015625
5235.33984375
5243.4609375
5252.4765625
5257.83984375
5262.6484375
5268.33984375
5277.09375
5286.65625
5295.6328125
5303.68359375
5312.4375
5321.4140625
5330.65234375
5339.8125
5349.2109375
5357.2421875
5363.87890625
5372.30078125
5381.53125
5389.984375
5397.98046875
5406.5390625
5414.15625
5422.2578125
5431.52734375
5441.03125
5449.46484375
5458.24609375
5466.55078125
5475.09375
5484.42578125
5493.75
5502.31640625
5511.375
5519.56640625
5527.65234375
5535.82421875
5544.87890625
5553.94140625
5563.21875
5570.5234375
5578.08203125
5586.28515625
5595.16796875
5604.00390625
5611.25390625
5618.7421875
5626.7578125
5634.75
5643.71875
5653.6796875
5663.25390625
5672.75390625
5682.28125
5690.125
5696.26171875
5702.78125
5710.13671875
5719.64453125
5723.140625
5727.51953125
5735.078125
5742.68359375
5749.453125
5756.4296875
5763.28515625
5770.703125
5779.2421875
5787.19921875
5795.44921875
5803.69140625
5811.94140625
5819.98828125
5828.03125
5835.1171875
5842.421875
5850.3515625
5858.61328125
5865.10546875
5871.68359375
5879.94140625
5889.69140625
5899.171875
5909.4296875
5918.734375
5928.4921875
5937.75
5946.71484375
5955.31640625
5964.7265625
5974.05859375
5983.30078125
5993.12109375
6002.55859375
6012.4609375
6021.30859375
6030.2265625
6039.55078125
6048.34375
6057.21484375
6066.4375
6075.6640625
6084.19140625
6093.16796875
6101.34765625
6109.41015625
6119.2265625
6128.81640625
6138.1796875
6148.1015625
6157.3828125
6166.8515625
6175.875
6183.92578125
6193.2109375
6154.8828125
6149.125
6231.5234375
6358.73046875
6501.125
6632.4453125
6727.14453125
6790.7265625
6868.35546875
6903.1640625
6958.27734375
6962.9921875
7021.32421875
7105.43359375
7185.49609375
7225.25390625
7238.22265625
7319.98828125
7404.12890625
7433.703125
7434.09375
7434.66796875
7435.25390625
7435.828125
7436.44140625
7437.01953125
7437.26953125
7437.26953125
7437.26953125
7437.26953125
7437.26953125
7437.26953125
7437.26953125
7437.26953125
7437.26953125
7437.26953125
7437.26953125
7437.26953125
7437.26953125
7437.26953125
7437.26953125
7437.26953125
7437.26953125
7437.26953125
7437.26953125
7437.26953125
7437.26953125
7437.26953125
7437.26953125
7437.26953125
7437.26953125
7437.26953125
7437.26953125
7437.26953125
7437.26953125
7437.26953125
7437.26953125
7437.26953125
7437.26953125
7437.26953125
7437.26953125
7437.26953125
7437.26953125
7437.26953125
7437.26953125
7437.26953125
7437.26953125
7437.26953125
7437.26953125
7437.26953125
7437.26953125
7437.26953125
7437.26953125
7437.26953125
7437.26953125
7437.26953125
7437.26953125
7437.26953125
7437.26953125
7437.26953125
7437.26953125
7437.26953125
7437.26953125
7437.26953125
7437.26953125
7437.26953125
7437.26953125
7437.26953125
7437.26953125
7437.26953125
7437.26953125
7437.26953125
7437.26953125
7437.26953125
7437.26953125
7437.26953125
7437.26953125
7437.26953125
7437.26953125
7437.26953125
7437.26953125
7437.26953125
7437.26953125
7437.26953125
7437.26953125
7437.26953125
7437.26953125
7437.26953125
7437.26953125
7437.26953125
7437.26953125
7437.26953125
7437.26953125
7437.26953125
7437.26953125
7437.26953125
7437.26953125
7437.26953125
7437.26953125
7437.26953125
7437.26953125
7437.26953125
7437.26953125
7437.26953125
7437.26953125
7437.26953125
7437.26953125
7437.26953125
7437.26953125
7437.26953125
7437.26953125
7437.26953125
7437.26953125
7437.26953125
7437.26953125
7437.26953125
7437.26953125
7437.26953125
7437.26953125
7437.26953125
7437.26953125
7437.26953125
7437.26953125
7437.26953125
7437.26953125
7437.26953125
7437.26953125
7437.26953125
7437.26953125
7437.26953125
7437.26953125
7437.26953125
7437.26953125
7437.26953125
7437.26953125
7437.26953125
7437.26953125
7437.26953125
7437.26953125
7437.26953125
7437.26953125
7437.26953125
7437.26953125
7437.26953125
7437.26953125
7437.26953125
7437.26953125
7437.26953125
7437.26953125
7437.26953125
7437.26953125
7437.26953125
7437.26953125
7437.26953125
7437.26953125
7437.26953125
7437.26953125
7437.26953125
7437.26953125
7437.26953125
7437.26953125
7437.26953125
7437.26953125
7437.26953125
7437.26953125
7437.26953125
7437.26953125
7437.26953125
7437.26953125
7437.26953125
7437.26953125
7437.26953125
7437.26953125
7437.26953125
7437.26953125
7437.26953125
7437.26953125
7437.26953125
7437.26953125
7437.26953125
7437.26953125
7437.26953125
7437.26953125
7437.26953125
7437.26953125
7437.26953125
7437.26953125
7437.26953125
7437.26953125
7437.26953125
7437.26953125
7437.26953125
7437.26953125
7437.26953125
7437.26953125
7437.26953125
7437.26953125
7437.26953125
7437.26953125
7437.26953125
7437.26953125
7437.26953125
7437.26953125
7437.26953125
7437.26953125
7437.26953125
7437.26953125
7437.26953125
7437.26953125
7437.26953125
7437.26953125
7437.26953125
7437.26953125
7437.26953125
7437.26953125
7437.26953125
7437.26953125
7437.26953125
7437.26953125
7437.26953125
7437.26953125
7437.26953125
7437.26953125
7437.26953125
7437.26953125
7437.26953125
7437.26953125
7437.26953125
7437.26953125
7437.26953125
7437.26953125
7437.26953125
7437.26953125
7437.26953125
7437.26953125
7437.26953125
7437.26953125
7437.26953125
7437.26953125
7437.26953125
7437.26953125
7437.26953125
7437.26953125
7437.26953125
7437.26953125
7437.26953125
7437.26953125
7437.26953125
7437.26953125
7437.26953125
7437.26953125
7437.26953125
7437.26953125
7437.26953125
7437.26953125
7437.26953125
7437.26953125
7437.26953125
7437.26953125
7437.26953125
7437.26953125
7437.26953125
7437.26953125
7437.26953125
7437.26953125
7437.26953125
7437.26953125
7437.26953125
7437.26953125
7415.44921875
7103.453125
6727.453125
6388.48046875
5863.05078125
5006.52734375
5090.359375
5245.1171875
5410.07421875
5460.046875
5460.046875
5460.046875
5460.046875
5460.046875
5460.046875
5460.046875
5460.046875
5460.046875
5460.046875
5460.046875
5460.046875
5460.046875
5460.046875
5460.046875
5460.046875
5460.046875
5460.046875
5460.046875
5460.046875
5460.046875
5460.046875
5460.046875
5460.046875
5460.046875
5460.046875
5460.046875
5460.046875
5460.046875
5460.046875
5460.046875
5460.046875
5460.046875
5460.046875
5460.046875
5460.046875
5460.046875
5460.046875
5460.046875
5460.046875
5460.046875
5460.046875
5460.046875
5460.046875
5460.046875
5460.046875
5460.046875
5460.046875
5460.046875
5460.046875
5460.046875
5460.046875
5460.046875
5460.046875
5460.046875
5460.046875
5460.046875
5460.046875
5460.046875
5460.046875
5460.046875
5460.046875
5460.046875
5460.046875
5460.046875
5460.046875
5460.046875
5020.1640625
5027.69140625
5034.94140625
5042.46875
5049.9921875
5057.1015625
5064.25
5071.73828125
5079.296875
5086.94921875
5094.48828125
5102.109375
5109.7734375
5117.62109375
5125.0859375
5132.1953125
5139.55078125
5146.94140625
5154.49609375
5162.17578125
5169.91015625
5177.17578125
5184.58203125
5192.3359375
5199.92578125
5206.93359375
5214.3671875
5221.83203125
5229.27734375
5237.0859375
5244.8671875
5252.7109375
5260.5
5267.9453125
5275.484375
5282.359375
5289.60546875
5297.00390625
5304.3046875
5311.7421875
5319.21484375
5326.91015625
5333.61328125
5340.98828125
5348.3515625
5355.8515625
5363.53515625
5371.13671875
5378.796875
5386.703125
5394.57421875
5402.265625
5409.56640625
5417.1484375
5424.81640625
5432.4140625
5439.625
5447.07421875
5454.46484375
5462.28515625
5470.08203125
5478.21484375
5485.8984375
5493.984375
5501.4765625
5509.44921875
5516.7109375
5524.34375
5531.56640625
5539.24609375
5546.9453125
5554.2109375
5561.36328125
5568.87890625
5576.140625
5583.87890625
5591.3984375
5599.19140625
5607.44921875
5614.85546875
5622.4921875
5630.23046875
5637.94140625
5645.515625
5652.921875
5660.6328125
5668.28125
5675.6796875
5678.734375
5678.734375
5678.734375
5073.8671875
5161.73828125
5337.234375
5503.95703125
5676.8046875
5540.0
5031.81640625
5075.3671875
5115.91015625
5106.74609375
5288.66015625
5451.4453125
5629.03125
5794.05859375
5840.76171875
5841.69921875
5842.67578125
5459.47265625
5134.4921875
5182.36328125
5227.34765625
5270.7109375
5313.40234375
5353.7265625
5398.73828125
5444.4296875
5489.5234375
5535.31640625
5578.93359375
5622.23828125
5660.84765625
5700.62890625
5741.1796875
5778.4375
5821.69140625
5865.03515625
5908.03125
5952.5078125
5998.67578125
6045.94921875
6088.77734375
6106.27734375
6106.27734375
6106.27734375
6106.27734375
5259.8671875
5095.94140625
5239.4765625
5406.421875
5578.69140625
5747.75390625
5865.5859375
5865.5859375
5865.5859375
5865.5859375
5865.5859375
5865.5859375
5865.5859375
5865.5859375
5865.5859375
5865.5859375
5865.5859375
5865.5859375
5865.5859375
5865.5859375
5865.5859375
5865.5859375
5865.5859375
5865.5859375
5865.5859375
5865.5859375
5865.5859375
5865.5859375
5865.5859375
5865.5859375
5865.5859375
5865.5859375
5865.5859375
5865.5859375
5865.5859375
5865.5859375
5865.5859375
5865.5859375
5865.5859375
5865.5859375
5865.5859375
5865.5859375
5865.5859375
5865.5859375
5865.5859375
5865.5859375
5865.5859375
5865.5859375
5865.5859375
5865.5859375
5865.5859375
5865.5859375
5865.5859375
5865.5859375
5865.5859375
5865.5859375
5865.5859375
5865.5859375
5865.5859375
5865.5859375
5865.5859375
5865.5859375
5865.5859375
5865.5859375
5865.5859375
5865.5859375
5865.5859375
5865.5859375
5865.5859375
5865.5859375
5865.5859375
5865.5859375
5865.5859375
5865.5859375
5865.5859375
5865.5859375
5865.5859375
5865.5859375
5865.5859375
5865.5859375
5865.5859375
5865.5859375
5865.5859375
5865.5859375
5865.5859375
5865.5859375
5865.5859375
5125.8828125
5136.30859375
5146.6328125
5156.97265625
5167.02734375
5176.4375
5185.6484375
5194.5390625
5203.7421875
5212.984375
5221.8828125
5231.46484375
5240.96875
5250.04296875
5259.578125
5268.97265625
5278.50390625
5288.11328125
5297.7265625
5307.65234375
5317.296875
5327.1484375
5337.0546875
5346.81640625
5356.23828125
5365.62109375
5375.01171875
5384.6640625
5394.66015625
5404.04296875
5413.484375
5423.28125
5433.015625
5442.78125
5452.22265625
5461.5703125
5470.84375
5480.171875
5490.1953125
5499.06640625
5507.1015625
5515.09375
5523.53125
5531.7578125
5540.41015625
5548.5546875
5555.57421875
5562.7421875
5572.24609375
5581.35546875
5590.80859375
5600.6328125
5610.6171875
5620.3203125
5630.10546875
5639.4296875
5648.5390625
5658.02734375
5667.73046875
5677.4453125
5687.421875
5697.67578125
5708.04296875
5717.59765625
5727.6484375
5737.42578125
5747.21875
5756.92578125
5766.8515625
5775.3671875
5784.3359375
5793.25390625
5802.58203125
5811.96484375
5821.80859375
5831.1953125
5840.83984375
5850.65625
5860.84375
5870.65625
5880.54296875
5890.49609375
5898.40625
5907.171875
5916.23046875
5925.21484375
5934.625
5944.1796875
5954.16015625
5963.4453125
5973.26171875
5982.875
5992.578125
6002.3359375
6012.25
6021.8828125
6031.38671875
6040.94921875
6050.48046875
6059.80859375
6069.63671875
6079.59765625
6089.5234375
6099.39453125
6109.2578125
6119.21875
6129.16796875
6138.93359375
6148.64453125
6157.62109375
6167.1484375
6177.125
6187.00390625
6196.94921875
6207.01953125
6216.8125
6226.828125
6236.55859375
6153.51171875
6226.22265625
6381.421875
6537.98828125
6692.4375
6849.57421875
7007.01953125
7165.44140625
7258.296875
7329.92578125
7436.59375
7447.421875
7448.0546875
7448.71484375
7449.359375
7450.01171875
7450.625
7450.671875
7450.671875
7450.671875
7450.671875
7450.671875
7450.671875
7450.671875
7450.671875
7450.671875
7450.671875
7450.671875
7450.671875
7450.671875
7450.671875
7450.671875
7450.671875
7450.671875
7450.671875
7450.671875
7450.671875
7450.671875
7450.671875
7450.671875
7450.671875
7450.671875
7450.671875
7450.671875
7450.671875
7450.671875
7450.671875
7450.671875
7450.671875
7450.671875
7450.671875
7450.671875
7450.671875
7450.6640625
7450.5078125
7450.44921875
7450.41015625
7449.62890625
7449.62890625
7449.62890625
7449.62890625
7449.62890625
7449.62890625
7449.62890625
7449.62890625
7449.62890625
7449.62890625
7449.62890625
7449.62890625
7449.62890625
7449.62890625
7449.62890625
7449.62890625
7449.62890625
7449.62890625
7449.62890625
7449.62890625
7449.62890625
7449.62890625
7449.62890625
7449.62890625
7449.62890625
7449.62890625
7449.62890625
7449.62890625
7449.62890625
7449.62890625
7449.62890625
7449.62890625
7449.62890625
7449.62890625
7449.62890625
7449.62890625
7449.62890625
7449.62890625
7449.62890625
7449.62890625
7449.62890625
7449.62890625
7449.62890625
7449.62890625
7449.62890625
7449.62890625
7449.62890625
7449.62890625
7449.62890625
7449.62890625
7449.62890625
7449.62890625
7449.62890625
7449.62890625
7449.62890625
7449.62890625
7449.62890625
7449.62890625
7449.62890625
7449.62890625
7449.62890625
7449.62890625
7449.62890625
7449.62890625
7449.609375
7449.609375
7449.609375
7449.609375
7449.609375
7449.609375
7449.609375
7449.609375
7449.609375
7449.609375
7449.609375
7449.609375
7449.609375
7449.609375
7449.609375
7449.609375
7449.609375
7449.609375
7449.609375
7449.609375
7449.609375
7449.609375
7449.609375
7449.609375
7449.609375
7449.609375
7449.609375
7449.609375
7449.609375
7449.609375
7449.609375
7449.609375
7449.609375
7449.609375
7449.609375
7449.609375
7449.609375
7449.609375
7449.609375
7449.609375
7449.609375
7449.609375
7449.609375
7449.609375
7449.609375
7449.609375
7449.609375
7449.609375
7449.5859375
7448.61328125
7448.61328125
7448.61328125
7441.3359375
7435.37109375
7435.37109375
7435.37109375
7435.37109375
7435.37109375
7435.37109375
7435.37109375
7435.37109375
7435.37109375
7435.37109375
7435.37109375
7435.37109375
7435.37109375
7435.37109375
7427.34375
7427.34375
7427.34375
7427.34375
7427.34375
7427.34375
7427.34375
7427.34375
7427.34375
7427.34375
7427.34375
7396.02734375
7386.19921875
7386.19921875
7386.19921875
7386.19921875
7386.19921875
7386.19921875
7386.19921875
7386.19921875
7386.19921875
7386.19921875
7370.17578125
7370.17578125
7370.17578125
7370.17578125
7370.17578125
7370.17578125
7370.17578125
7349.45703125
7349.45703125
7349.45703125
7349.45703125
7349.45703125
7349.45703125
7349.45703125
7349.45703125
7349.45703125
7349.45703125
7271.6640625
7269.84375
7269.84375
7269.84375
7269.84375
7269.84375
7269.84375
7269.84375
7269.84375
7269.84375
7269.84375
7269.84375
7269.84375
7269.84375
7269.84375
7269.84375
7269.84375
7269.84375
7269.84375
7269.84375
7269.84375
7269.84375
7269.84375
7269.84375
7269.84375
7269.84375
7269.84375
7261.0546875
7261.0546875
7261.0546875
7261.0546875
7261.0546875
7261.0546875
7261.0546875
7261.0546875
7261.0546875
7261.0546875
7261.0546875
7261.0546875
7261.0546875
7261.0546875
7261.0546875
7243.0078125
7205.8125
7205.8125
7205.8125
7205.8125
7205.8125
7205.8125
7205.8125
7205.8125
7205.8125
7205.8125
7205.8125
7205.8125
7205.8125
7189.14453125
7189.14453125
7189.14453125
7189.14453125
7189.14453125
7189.14453125
7189.14453125
7189.14453125
7189.14453125
7189.14453125
7189.14453125
7189.14453125
7189.14453125
7189.14453125
7189.14453125
7173.203125
7173.203125
7173.203125
7173.203125
7173.203125
7173.203125
7139.30078125
7139.30078125
7139.30078125
7139.30078125
7139.30078125
7139.30078125
7139.30078125
7139.30078125
7139.30078125
7099.49609375
6915.2578125
6881.37890625
6881.37890625
6881.3828125
6878.6796875
6878.6796875
6878.6796875
6878.6796875
6878.68359375
6878.68359375
6878.6875
6878.6875
6878.6875
6669.1953125
6301.1953125
5933.1953125
5428.9296875
4433.92578125
4582.91796875
4768.98828125
4868.95703125
4889.93359375
4889.93359375
4889.93359375
4889.93359375
4889.93359375
4889.93359375
4889.93359375
4889.93359375
4889.93359375
4889.93359375
4889.93359375
4889.93359375
4889.93359375
4889.93359375
4889.93359375
4889.93359375
4889.93359375
4889.93359375
4889.93359375
4889.93359375
4889.93359375
4889.93359375
4889.93359375
4889.93359375
4889.93359375
4889.93359375
4889.93359375
4889.93359375
4889.93359375
4889.93359375
4889.93359375
4889.93359375
4889.93359375
4889.93359375
4889.93359375
4889.93359375
4889.93359375
4889.93359375
4889.93359375
4889.93359375
4889.93359375
4889.93359375
4889.93359375
4889.93359375
4889.93359375
4889.93359375
4889.93359375
4889.93359375
4889.93359375
4889.93359375
4889.93359375
4889.93359375
4889.93359375
4889.93359375
4889.93359375
4889.93359375
4889.93359375
4889.93359375
4889.93359375
4889.93359375
4452.46875
4456.6171875
4460.3046875
4464.26953125
4471.15625
4478.6328125
4486.40234375
4489.46484375
4497.01171875
4505.68359375
4514.625
4522.08984375
4528.6484375
4535.625
4540.87109375
4545.6640625
4548.12890625
4552.28515625
4556.4453125
4562.28515625
4569.0703125
4572.90234375
4576.3671875
4580.43359375
4586.65625
4592.671875
4599.12890625
4602.078125
4607.0625
4613.2578125
4620.59375
4627.86328125
4635.16796875
4642.11328125
4649.4453125
4656.83203125
4664.2109375
4671.62109375
4679.0
4686.125
4693.484375
4700.75
4707.703125
4715.15625
4722.59375
4729.4296875
4736.53125
4743.76171875
4751.2265625
4758.51171875
4765.96875
4773.04296875
4778.9609375
4785.2890625
4790.87890625
4798.1796875
4805.28515625
4812.33984375
4820.15625
4827.75
4835.92578125
4843.640625
4850.859375
4858.25
4866.15234375
4874.19140625
4881.67578125
4888.72265625
4895.58984375
4902.484375
4909.25390625
4915.91015625
4923.0078125
4930.87109375
4938.6171875
4946.36328125
4954.1484375
4961.69140625
4969.265625
4977.13671875
4985.16796875
4992.609375
5000.3046875
5007.703125
5015.05078125
5022.50390625
5029.6640625
5037.2109375
5044.88671875
5052.4453125
5060.15234375
5067.55859375
5075.12890625
5082.5625
5090.0703125
5095.3125
5102.80859375
5109.91015625
5106.984375
5106.984375
4978.94921875
4513.47265625
4688.390625
4859.80078125
5039.91796875
5190.3828125
4891.7578125
4471.44140625
4515.18359375
4558.62890625
4602.05859375
4642.9765625
4683.15234375
4691.765625
4691.765625
4601.984375
4767.0625
4934.49609375
5106.8359375
5255.0625
5255.0625
5255.0625
5255.0625
4653.77734375
4547.15625
4591.125
4634.9765625
4681.359375
4728.01171875
4774.5234375
4820.4921875
4866.015625
4911.33984375
4957.453125
5002.90625
5045.859375
5089.16015625
5132.28515625
5177.9375
5223.703125
5270.21484375
5316.3359375
5349.81640625
5349.81640625
5349.81640625
5093.81640625
4530.796875
4603.8125
4766.9296875
4934.27734375
5104.23828125
5279.34765625
5309.58203125
5309.58203125
5309.58203125
5309.58203125
5309.58203125
5309.58203125
5309.58203125
5309.58203125
5309.58203125
5309.58203125
5309.58203125
5309.58203125
5309.58203125
5309.58203125
5309.58203125
5309.58203125
5309.58203125
5309.58203125
5309.58203125
5309.58203125
5309.58203125
5309.58203125
5309.58203125
5309.58203125
5309.58203125
5309.58203125
5309.58203125
5309.58203125
5309.58203125
5309.58203125
5309.58203125
5309.58203125
5309.58203125
5309.58203125
5309.58203125
5309.58203125
5309.58203125
5309.58203125
5309.58203125
5309.58203125
5309.58203125
5309.58203125
5309.58203125
5309.58203125
5309.58203125
5309.58203125
5309.58203125
5309.58203125
5309.58203125
5309.58203125
5309.58203125
5309.58203125
5309.58203125
5309.58203125
5309.58203125
5309.58203125
5309.58203125
5309.58203125
5309.58203125
5309.58203125
5309.58203125
5309.58203125
5309.58203125
5309.58203125
5309.58203125
5309.58203125
5309.58203125
5309.58203125
5309.58203125
5309.58203125
5309.58203125
5309.58203125
5309.58203125
5309.58203125
5309.58203125
5309.58203125
5309.58203125
5309.58203125
5309.58203125
5309.58203125
4566.50390625
4576.8125
4587.01171875
4597.5
4607.99609375
4618.3203125
4626.40625
4636.1484375
4645.171875
4654.53125
4663.9453125
4673.84765625
4683.44140625
4692.76171875
4702.390625
4712.51953125
4722.171875
4731.96875
4741.453125
4751.64453125
4761.5625
4771.734375
4781.87109375
4791.828125
4801.56640625
4811.6015625
4821.5
4831.171875
4840.72265625
4850.40234375
4859.96484375
4869.57421875
4879.26171875
4889.08203125
4898.69140625
4908.08984375
4917.8046875
4927.5
4937.15234375
4947.1953125
4957.390625
4967.29296875
4977.36328125
4987.1953125
4997.0
5005.98828125
5015.5078125
5025.12890625
5033.609375
5041.76953125
5049.80859375
5059.98828125
5070.29296875
5080.9296875
5091.67578125
5102.31640625
5112.59765625
5123.19921875
5132.92578125
5143.109375
5152.48046875
5161.23828125
5169.9453125
5176.921875
5187.19921875
5197.453125
5208.08984375
5218.3125
5227.74609375
5238.06640625
5248.7578125
5259.12890625
5269.70703125
5280.29296875
5291.08203125
5301.53515625
5311.828125
5322.03515625
5331.93359375
5342.08203125
5352.03125
5361.7265625
5371.48828125
5381.19140625
5390.984375
5400.6640625
5410.40234375
5420.140625
5429.88671875
5439.640625
5449.34765625
5459.14453125
5468.38671875
5477.15234375
5486.00390625
5495.703125
5505.6796875
5515.1484375
5524.8046875
5534.54296875
5544.48828125
5554.3359375
5564.7421875
5574.6796875
5584.70703125
5594.82421875
5605.3125
5615.25
5625.58203125
5635.79296875
5646.0078125
5655.7578125
5665.6953125
5675.62109375
5584.63671875
5575.8359375
5732.875
5891.79296875
6061.77734375
6228.578125
6293.55859375
6330.2109375
6302.9140625
6347.1328125
6341.90625
6386.203125
6339.51171875
6252.72265625
6175.40625
6046.1640625
5926.55859375
5905.11328125
5908.66015625
5891.8125
5908.9296875
5923.95703125
5952.91796875
5995.57421875
6043.359375
6094.7265625
6154.0625
6155.41796875
6163.25
6210.51171875
6245.47265625
6245.63671875
6245.63671875
6245.63671875
6245.63671875
6245.63671875
6245.63671875
6245.63671875
6245.63671875
6245.63671875
6245.63671875
6245.63671875
6245.63671875
6245.63671875
6245.63671875
6245.63671875
6245.63671875
6245.63671875
6245.63671875
6245.63671875
6245.63671875
6245.63671875
6245.63671875
6245.63671875
6245.63671875
6245.63671875
6245.63671875
6245.63671875
6245.63671875
6245.63671875
6245.63671875
6245.63671875
6245.63671875
6245.63671875
6245.63671875
6245.63671875
6245.63671875
6245.63671875
6245.63671875
6245.63671875
6245.63671875
6245.63671875
6245.63671875
6245.63671875
6245.63671875
6245.63671875
6245.63671875
6245.63671875
6245.63671875
6245.63671875
6245.63671875
6245.63671875
6245.63671875
6245.63671875
6245.63671875
6245.63671875
6245.63671875
6245.63671875
6245.63671875
6245.63671875
6245.63671875
6245.63671875
6245.63671875
6245.63671875
6245.63671875
6245.63671875
6245.63671875
6245.63671875
6245.63671875
6245.63671875
6245.63671875
6245.63671875
6245.63671875
6245.63671875
6245.63671875
6245.63671875
6245.63671875
6245.63671875
6245.63671875
6245.63671875
6245.63671875
6245.63671875
6245.63671875
6245.63671875
6245.63671875
6245.63671875
6245.63671875
6245.63671875
6245.63671875
6245.63671875
6245.63671875
6245.63671875
6245.63671875
6245.63671875
6245.63671875
6245.63671875
6245.63671875
6245.63671875
6245.63671875
6245.63671875
6245.63671875
6245.63671875
6245.63671875
6245.63671875
6245.63671875
6245.63671875
6245.63671875
6245.63671875
6245.63671875
6245.63671875
6245.63671875
6245.63671875
6245.63671875
6245.63671875
6245.63671875
6245.63671875
6245.63671875
6245.63671875
6245.63671875
6245.63671875
6245.63671875
6245.63671875
6245.63671875
6245.63671875
6245.63671875
6245.63671875
6245.63671875
6245.63671875
6245.63671875
6245.63671875
6245.63671875
6245.63671875
6245.63671875
6245.63671875
6245.63671875
6245.63671875
6245.63671875
6245.63671875
6245.63671875
6245.63671875
6245.63671875
6245.63671875
6245.63671875
6245.63671875
6245.63671875
6245.63671875
6245.63671875
6245.63671875
6245.63671875
6245.63671875
6245.63671875
6245.63671875
6245.63671875
6245.63671875
6245.63671875
6245.63671875
6245.63671875
6245.63671875
6245.63671875
6245.63671875
6245.63671875
6245.63671875
6245.63671875
6245.63671875
6245.63671875
6245.63671875
6245.63671875
6245.63671875
6245.63671875
6245.63671875
6245.63671875
6245.63671875
6245.63671875
6245.63671875
6245.63671875
6245.63671875
6245.63671875
6245.63671875
6245.63671875
6245.63671875
6245.63671875
6245.63671875
6245.63671875
6245.63671875
6245.63671875
6245.63671875
6245.63671875
6245.63671875
6245.63671875
6245.63671875
6245.63671875
6245.63671875
6245.63671875
6245.63671875
6245.63671875
6245.63671875
6245.63671875
6245.63671875
6245.63671875
6245.63671875
6060.13671875
5932.96484375
5709.6484375
5350.65234375
5000.88671875
3919.87109375
3911.10546875
4093.63671875
4276.49609375
4276.49609375
4276.49609375
4276.49609375
4276.49609375
4276.49609375
4276.49609375
4276.49609375
4276.49609375
4276.49609375
4276.49609375
4276.49609375
4276.49609375
4276.49609375
4276.49609375
4276.49609375
4276.49609375
4276.49609375
4276.49609375
4276.49609375
4276.49609375
4276.49609375
4276.49609375
4276.49609375
4276.49609375
4276.49609375
4276.49609375
4276.49609375
4276.49609375
4276.49609375
4276.49609375
4276.49609375
4276.49609375
4276.49609375
4276.49609375
4276.49609375
4276.49609375
4276.49609375
4276.49609375
4276.49609375
4276.49609375
4276.49609375
4276.49609375
4276.49609375
4276.49609375
4276.49609375
4276.49609375
4276.49609375
4276.49609375
4276.49609375
4276.49609375
4276.49609375
4276.49609375
4276.49609375
4276.49609375
4276.49609375
4276.49609375
4276.49609375
4276.49609375
4276.49609375
4276.49609375
3835.45703125
3843.47265625
3851.34765625
3859.27734375
3867.26171875
3875.16015625
3883.23046875
3891.08203125
3899.14453125
3906.91796875
3914.6640625
3921.97265625
3929.828125
3937.328125
3944.19140625
3951.63671875
3959.453125
3967.0234375
3974.6953125
3982.5703125
3990.6015625
3998.1328125
4005.94921875
4013.6875
4021.62109375
4029.390625
4037.30859375
4045.125
4052.9296875
4060.7734375
4068.6796875
4076.33203125
4084.21875
4091.96875
4099.8671875
4107.66015625
4115.625
4123.171875
4130.90625
4138.41015625
4145.96875
4153.39453125
4161.0625
4169.06640625
4176.9765625
4184.81640625
4192.76171875
4200.78515625
4208.8046875
4216.84375
4224.50390625
4232.015625
4239.4453125
4247.23046875
4254.82421875
4262.5703125
4270.10546875
4277.76953125
4285.3046875
4293.0703125
4300.74609375
4308.296875
4316.1015625
4323.94921875
4331.70703125
4339.66796875
4347.4921875
4355.5703125
4363.17578125
4371.0234375
4378.6796875
4386.37890625
4394.21484375
4402.04296875
4409.82421875
4417.7734375
4425.5546875
4433.5703125
4441.3046875
4449.19140625
4456.97265625
4464.54296875
4472.359375
4480.20703125
4487.77734375
4495.21484375
4493.546875
4493.546875
4272.6796875
3907.578125
4093.84375
4271.43359375
4453.48828125
4574.80078125
4574.80078125
3934.80078125
3872.78125
3922.21875
3971.74609375
4019.7734375
4068.453125
4116.18359375
4161.6953125
4209.578125
4257.578125
4306.9609375
4355.9375
4405.6328125
4418.3359375
4418.3359375
3841.30078125
4027.21484375
4203.41796875
4375.75
4558.02734375
4579.41796875
4323.41796875
3861.1796875
3907.76953125
3955.66796875
4002.5625
4049.640625
4095.8828125
4142.15234375
4186.5390625
4235.0546875
4283.05078125
4331.54296875
4338.6953125
4338.6953125
3810.54296875
3849.7109375
4024.7890625
4203.73046875
4374.34765625
4557.7421875
4598.83203125
4598.83203125
4598.83203125
4598.83203125
4598.83203125
4598.83203125
4598.83203125
4598.83203125
4598.83203125
4598.83203125
4598.83203125
4598.83203125
4598.83203125
4598.83203125
4598.83203125
4598.83203125
4598.83203125
4598.83203125
4598.83203125
4598.83203125
4598.83203125
4598.83203125
4598.83203125
4598.83203125
4598.83203125
4598.83203125
4598.83203125
4598.83203125
4598.83203125
4598.83203125
4598.83203125
4598.83203125
4598.83203125
4598.83203125
4598.83203125
4598.83203125
4598.83203125
4598.83203125
4598.83203125
4598.83203125
4598.83203125
4598.83203125
4598.83203125
4598.83203125
4598.83203125
4598.83203125
4598.83203125
4598.83203125
4598.83203125
4598.83203125
4598.83203125
4598.83203125
4598.83203125
4598.83203125
4598.83203125
4598.83203125
4598.83203125
4598.83203125
4598.83203125
4598.83203125
4598.83203125
4598.83203125
4598.83203125
4598.83203125
4598.83203125
4598.83203125
4598.83203125
4598.83203125
4598.83203125
4598.83203125
4598.83203125
4598.83203125
4598.83203125
4371.546875
3860.4375
3870.55078125
3879.75390625
3889.5
3899.98828125
3910.359375
3920.83984375
3930.94140625
3941.60546875
3951.984375
3962.16796875
3972.17578125
3982.1640625
3992.14453125
4002.36328125
4011.63671875
4021.88671875
4031.87109375
4042.375
4052.47265625
4062.76171875
4072.83984375
4083.3671875
4093.515625
4103.96875
4114.0078125
4124.53515625
4134.47265625
4144.98046875
4155.08203125
4165.31640625
4175.03125
4185.38671875
4195.59765625
4205.8515625
4215.70703125
4225.546875
4235.33203125
4245.5546875
4255.01171875
4264.80859375
4275.015625
4285.3828125
4295.71875
4306.171875
4316.44140625
4326.9609375
4337.1015625
4347.59765625
4357.6640625
4367.7421875
4378.03125
4388.37890625
4398.6953125
4408.76953125
4419.14453125
4429.24609375
4439.671875
4450.28125
4460.48828125
4470.87109375
4481.16796875
4491.4453125
4501.81640625
4512.08203125
4521.34375
4530.71875
4540.92578125
4551.21484375
4561.359375
4571.3359375
4581.26171875
4591.04296875
4601.00390625
4610.875
4621.01953125
4631.21875
4641.30859375
4651.76953125
4661.62109375
4671.66796875
4682.04296875
4692.23828125
4702.4453125
4712.69921875
4722.9609375
4733.18359375
4743.56640625
4753.828125
4763.83984375
4774.39453125
4785.0234375
4795.12890625
4805.23046875
4814.93359375
4825.50390625
4835.8125
4846.1484375
4856.62890625
4866.50390625
4876.734375
4887.140625
4897.23046875
4907.3125
4917.421875
4927.59375
4937.62890625
4947.6328125
4957.81640625
4967.61328125
4965.9296875
5014.62109375
5169.671875
5332.4453125
5492.87109375
5654.2265625
5813.3671875
5975.23046875
6131.58203125
6270.4296875
6271.0625
6271.69921875
6272.4375
6273.29296875
6274.1171875
6274.22265625
6274.22265625
6274.22265625
6274.22265625
6274.22265625
6274.22265625
6274.22265625
6274.22265625
6274.22265625
6274.22265625
6274.22265625
6274.22265625
6274.22265625
6274.22265625
6274.22265625
6274.22265625
6274.22265625
6274.22265625
6274.22265625
6274.22265625
6274.22265625
6274.22265625
6274.22265625
6274.22265625
6274.22265625
6274.22265625
6274.22265625
6274.22265625
6274.22265625
6274.22265625
6274.22265625
6274.22265625
6274.22265625
6274.22265625
6274.22265625
6274.22265625
6274.22265625
6274.22265625
6274.22265625
6274.22265625
6274.22265625
6274.22265625
6274.22265625
6274.22265625
6274.22265625
6274.22265625
6274.22265625
6274.22265625
6274.22265625
6274.22265625
6274.22265625
6274.22265625
6274.22265625
6274.22265625
6274.22265625
6274.22265625
6274.22265625
6274.22265625
6274.22265625
6274.22265625
6274.22265625
6274.22265625
6274.22265625
6274.22265625
6274.22265625
6274.22265625
6274.22265625
6274.22265625
6274.22265625
6274.22265625
6274.22265625
6274.22265625
6274.22265625
6274.22265625
6274.22265625
6274.22265625
6274.22265625
6274.22265625
6274.22265625
6274.22265625
6274.22265625
6274.22265625
6274.22265625
6274.22265625
6274.22265625
6274.22265625
6274.22265625
6274.22265625
6274.22265625
6274.22265625
6274.22265625
6274.22265625
6274.22265625
6274.22265625
6274.22265625
6274.22265625
6274.22265625
6274.22265625
6274.22265625
6274.22265625
6274.22265625
6274.22265625
6274.22265625
6274.22265625
6274.22265625
6274.22265625
6274.22265625
6274.22265625
6274.22265625
6274.22265625
6274.22265625
6274.22265625
6274.22265625
6274.22265625
6274.22265625
6274.22265625
6274.22265625
6274.22265625
6274.22265625
6274.22265625
6274.22265625
6274.22265625
6274.22265625
6274.22265625
6274.22265625
6274.22265625
6274.22265625
6274.22265625
6274.22265625
6274.22265625
6274.22265625
6274.22265625
6274.22265625
6274.22265625
6274.22265625
6274.22265625
6274.22265625
6274.22265625
6274.22265625
6274.22265625
6274.22265625
6274.22265625
6274.22265625
6274.22265625
6274.22265625
6274.22265625
6274.22265625
6274.22265625
6274.22265625
6274.22265625
6274.22265625
6274.22265625
6274.22265625
6274.22265625
6274.22265625
6274.22265625
6274.22265625
6274.22265625
6274.22265625
6274.22265625
6274.22265625
6274.22265625
6274.22265625
6274.22265625
6274.22265625
6274.22265625
6274.22265625
6274.22265625
6274.22265625
6274.22265625
6274.22265625
6274.22265625
6274.22265625
6274.22265625
6274.22265625
6274.22265625
6274.22265625
6274.22265625
6274.22265625
6274.22265625
6274.22265625
6274.22265625
6274.22265625
6274.22265625
6274.22265625
6274.22265625
6223.1796875
5855.1796875
5495.1796875
5135.1796875
4313.6796875
3865.04296875
4041.921875
4218.95703125
4283.53515625
4283.53515625
4283.53515625
4283.53515625
4283.53515625
4283.53515625
4283.53515625
4283.53515625
4283.53515625
4283.53515625
4283.53515625
4283.53515625
4283.53515625
4283.53515625
4283.53515625
4283.53515625
4283.53515625
4283.53515625
4283.53515625
4283.53515625
4283.53515625
4283.53515625
4283.53515625
4283.53515625
4283.53515625
4283.53515625
4283.53515625
4283.53515625
4283.53515625
4283.53515625
4283.53515625
4283.53515625
4283.53515625
4283.53515625
4283.53515625
4283.53515625
4283.53515625
4283.53515625
4283.53515625
4283.53515625
4283.53515625
4283.53515625
4283.53515625
4283.53515625
4283.53515625
4283.53515625
4283.53515625
4283.53515625
4283.53515625
4283.53515625
4283.53515625
4283.53515625
4283.53515625
4283.53515625
4283.53515625
4283.53515625
4283.53515625
4283.53515625
4283.53515625
4283.53515625
4283.53515625
4283.53515625
3841.8046875
3848.9609375
3856.61328125
3864.23046875
3871.859375
3879.36328125
3886.98828125
3894.734375
3902.54296875
3910.390625
3918.12890625
3926.0625
3933.75
3941.68359375
3949.53515625
3957.3359375
3964.88671875
3972.76171875
3980.4609375
3988.265625
3996.0078125
4004.0234375
4011.81640625
4019.7890625
4027.62890625
4035.36328125
4042.9765625
4050.734375
4058.47265625
4066.421875
4074.1171875
4081.48046875
4089.3984375
4097.28515625
4105.0703125
4112.6953125
4120.60546875
4128.0546875
4135.84765625
4143.69921875
4151.578125
4159.40234375
4166.84375
4174.66015625
4182.421875
4189.90625
4197.66796875
4205.51953125
4213.46484375
4221.26953125
4229.02734375
4236.55078125
4244.07421875
4251.5703125
4258.89453125
4266.0546875
4273.6171875
4281.05859375
4288.82421875
4296.6171875
4304.296875
4312.09765625
4319.90234375
4327.58984375
4335.2890625
4343.09375
4350.8046875
4358.4609375
4365.84375
4373.47265625
4380.90234375
4388.171875
4395.2578125
4402.9453125
4410.15234375
4417.66015625
4425.28125
4433.109375
4441.0078125
4448.91796875
4456.578125
4463.84765625
4471.390625
4479.18359375
4486.640625
4494.16015625
4501.6875
4500.5859375
4500.5859375
4372.5859375
3851.56640625
3855.41796875
3897.68359375
3974.69921875
4023.67578125
4078.2890625
4140.453125
4133.46484375
4160.98828125
4180.62109375
4199.21875
4217.8359375
4236.8515625
4256.16796875
4274.55859375
4070.48046875
3932.59765625
3636.98828125
2711.69140625
2076.671875
