3115.32421875
3115.45703125
3158.4140625
3183.1953125
3213.57421875
3223.96484375
3225.8984375
3227.8671875
3229.80859375
3244.33984375
3247.48828125
3247.68359375
3247.85546875
3247.85546875
3150.77734375
3148.9140625
3149.48828125
3148.1328125
3149.47265625
3147.84375
3142.79296875
3143.2578125
3146.53515625
3146.53515625
3146.6171875
3146.8125
3147.265625
3148.30078125
3149.60546875
3150.96484375
3152.33203125
3144.05078125
3145.36328125
3144.8125
3146.29296875
3146.94140625
3132.2734375
3133.18359375
3134.0703125
3134.9921875
3135.90625
3136.8125
3137.703125
3138.796875
3130.1015625
3131.40234375
3132.76171875
3134.1171875
3135.328125
3136.65234375
3122.01171875
3122.9296875
3123.921875
3124.7578125
3125.6640625
3126.5703125
3127.47265625
3117.109375
3117.984375
3118.8984375
3120.1875
3121.4140625
3122.75
3124.0390625
3125.36328125
3126.6953125
3128.046875
3129.359375
3130.65234375
3123.63671875
3123.71484375
3084.72265625
3086.0234375
3087.328125
3088.68359375
3090.046875
3091.13671875
3089.3203125
3090.6328125
3091.96484375
3093.3203125
3094.64453125
3095.94921875
3097.2578125
3098.58984375
3099.91796875
3101.2578125
3102.546875
3103.86328125
3105.15234375
3106.51171875
3107.80859375
3109.078125
3110.3828125
3111.69921875
3113.03125
3114.3671875
3115.65234375
3116.875
3118.14453125
3119.45703125
3120.74609375
3122.0
3084.44921875
3085.7421875
3075.05859375
3076.2578125
3150.8125
3156.91796875
3177.68359375
3233.53125
3233.53125
3233.53125
3233.53125
3233.53125
3233.53125
3241.15625
3251.703125
3261.52734375
3270.7578125
3232.2421875
3312.73046875
3312.85546875
3312.97265625
3272.91015625
3187.9921875
3193.87890625
3199.0
3198.98046875
3198.98046875
3199.453125
3199.453125
3199.453125
3201.359375
3201.359375
3201.359375
3201.359375
3201.359375
3201.359375
3201.359375
3201.359375
3201.359375
3201.359375
3201.359375
3201.359375
3201.359375
3201.359375
3201.359375
3201.359375
3201.359375
3201.359375
3201.359375
3201.359375
3201.359375
3201.359375
3201.359375
3201.359375
3201.359375
3201.359375
3201.359375
3201.359375
3201.359375
3201.359375
3201.359375
3201.359375
3201.359375
3201.359375
3201.359375
3201.359375
3201.359375
3201.359375
3201.359375
3201.42578125
3201.5
3201.5859375
3201.66015625
3201.73828125
3201.8125
3201.88671875
3201.9609375
3202.03515625
3202.10546875
3202.171875
3202.2421875
3202.32421875
3282.71875
3322.65234375
3322.65234375
3322.65234375
3322.65234375
3322.65234375
3332.3359375
3332.3359375
3367.04296875
3371.765625
3376.49609375
3381.3515625
3381.3515625
3381.3515625
3388.9296875
3397.3515625
3397.3515625
3397.3515625
3397.3515625
3397.3515625
3397.3515625
3397.3515625
3397.3515625
3397.3515625
3397.3515625
3397.3515625
3444.86328125
3493.3515625
3493.3515625
3493.3515625
3493.3515625
3493.3515625
3493.3515625
3493.3515625
3493.734375
3493.734375
3493.734375
3493.734375
3493.734375
3493.734375
3493.734375
3493.734375
3493.734375
3493.734375
3441.47265625
3447.17578125
3513.2734375
3513.2734375
3513.2734375
3513.2734375
3513.65625
3513.65625
3513.65625
3513.65625
3513.65625
3513.65625
3513.65625
3498.97265625
3497.90234375
3498.10546875
3494.1796875
3488.3828125
3488.390625
3488.390625
3488.921875
3489.703125
3490.72265625
3489.81640625
3490.88671875
3491.984375
3488.31640625
3488.50390625
3489.4453125
3490.26953125
3491.0078125
3492.02734375
3493.03515625
3492.33203125
3493.4140625
3477.48046875
3478.19921875
3478.90625
3479.640625
3480.359375
3481.046875
3481.72265625
3482.3984375
3483.109375
3483.78515625
3484.51171875
3485.20703125
3485.8984375
3462.19140625
3462.19140625
3462.19140625
3462.19140625
3462.1953125
3462.1953125
3462.1953125
3462.1953125
3462.21484375
3462.5625
3439.734375
3440.09375
3440.43359375
3437.96875
3438.078125
3438.078125
3438.08203125
3438.08203125
3438.08203125
3438.08203125
3438.08203125
3382.47265625
3383.16015625
3383.4296875
3383.4296875
3383.4296875
3383.17578125
3383.17578125
3383.1796875
3383.1796875
3383.18359375
3383.18359375
3383.18359375
3383.18359375
3375.7421875
3376.1015625
3376.46484375
3376.8203125
3377.17578125
3377.52734375
3377.875
3378.2421875
3378.59375
3375.83984375
3376.1875
3376.54296875
3376.87890625
3377.23828125
3377.58984375
3377.9453125
3378.30859375
3378.66796875
3379.015625
3379.359375
3379.71484375
3380.0703125
3380.43359375
3380.78125
3381.1015625
3381.421875
3381.7734375
3382.140625
3382.48828125
3382.83984375
3383.19921875
3383.54296875
3383.91015625
3384.27734375
3384.6171875
3384.95703125
3385.328125
3385.6796875
3386.02734375
3386.37890625
3386.7421875
3387.1015625
3387.46484375
3336.734375
3336.73828125
3336.74609375
3337.0390625
3337.7421875
3338.43359375
3339.12109375
3339.83203125
3340.54296875
3341.26171875
3341.98046875
3342.640625
3343.36328125
3344.07421875
3344.78515625
3345.4609375
3346.15234375
3346.828125
3347.5546875
3348.28125
3349.0
3349.69921875
3350.41015625
3351.08203125
3351.7734375
3352.49609375
3353.18359375
3353.8984375
3354.6171875
3355.3359375
3355.68359375
3356.36328125
3357.078125
3357.80859375
3358.515625
3359.2265625
3359.921875
3360.62890625
3361.34765625
3362.0625
3362.765625
3363.4140625
3364.125
3364.8203125
3365.51953125
3366.23046875
3366.91796875
3367.6328125
3368.2421875
3368.95703125
3369.671875
3370.3515625
3371.078125
3371.78125
3372.4921875
3373.2109375
3373.90234375
3374.6171875
3375.33984375
3376.05078125
3376.7734375
3377.46484375
3378.1796875
3378.90625
3379.5546875
3380.27734375
3380.95703125
3381.68359375
3382.3515625
3383.08203125
3383.796875
3384.49609375
3385.2109375
3385.921875
3386.59765625
3387.30078125
3387.99609375
3388.68359375
3389.40625
3390.12109375
3390.8203125
3391.5
3392.15625
3392.80078125
3393.4296875
3394.0859375
3394.78125
3395.4921875
3396.21875
3396.9296875
3397.58203125
3398.234375
3398.74609375
3399.4609375
3400.15234375
3400.8203125
3401.51953125
3402.234375
3402.9140625
3403.578125
3404.1953125
3404.890625
3405.59765625
3406.27734375
3406.9765625
3407.66796875
3408.34765625
3409.01171875
3409.6484375
3410.36328125
3411.0390625
3411.75390625
3412.46484375
3413.171875
3413.8671875
3414.578125
3415.2734375
3415.984375
3416.69140625
3417.6953125
3418.73046875
3419.7734375
3420.83203125
3421.87109375
3422.92578125
3423.94921875
3424.984375
3426.06640625
3427.13671875
3428.1953125
3429.22265625
3430.296875
3431.38671875
3432.41015625
3433.47265625
3387.60546875
3388.6796875
3389.734375
3390.8046875
3391.828125
3392.828125
3393.890625
3394.95703125
3396.00390625
3397.06640625
3398.08203125
3258.703125
3259.75
3260.82421875
3261.62890625
3262.65234375
3258.33203125
3259.38671875
3260.40234375
3261.47265625
3262.5078125
3263.56640625
3264.6484375
3265.734375
3266.81640625
3267.81640625
3268.71484375
3365.328125
3447.84375
3447.84375
3447.84375
3447.84375
3447.84375
3447.84375
3447.84375
3447.84375
3447.84375
3447.84375
3447.84375
3447.84375
3447.84375
3447.84375
3451.390625
3458.82421875
3466.265625
3473.48046875
3481.02734375
3488.46875
3495.85546875
3503.32421875
3510.578125
3517.88671875
3525.3359375
3532.7890625
3539.2578125
3542.890625
3418.78125
3625.11328125
3634.3359375
3634.484375
3634.63671875
3634.7734375
3634.92578125
3635.07421875
3635.21875
3559.8046875
3725.9765625
3730.32421875
3757.84375
3929.0390625
3929.0390625
3929.0390625
3929.0390625
3929.0390625
3929.0390625
3929.0390625
3929.0390625
3929.0390625
3929.0390625
3929.0390625
3747.73828125
3760.7890625
3773.65234375
3786.58984375
3799.140625
3812.0625
3825.12109375
3837.54296875
3850.31640625
3862.55859375
3875.3046875
3888.3671875
3901.3828125
3914.3359375
3926.78125
3939.44921875
3952.48046875
3964.95703125
3977.625
3990.1171875
4003.1171875
4016.16796875
3836.578125
3645.34375
3654.390625
3682.6640625
3696.0859375
3696.0859375
3696.0859375
3699.7890625
3706.64453125
3713.58984375
3720.4609375
3725.453125
3728.421875
3736.234375
3753.03125
3753.03125
3753.03125
3753.03125
3753.03125
3753.03125
3753.03125
3753.03125
3753.03125
3753.03125
3753.03125
3753.03125
3753.03125
3753.03125
3753.03125
3753.03125
3753.03125
3753.03125
3753.03125
3753.03125
3753.03125
3753.03125
3753.03515625
3837.64453125
3912.234375
3912.234375
3912.234375
3912.234375
3912.234375
3912.234375
3912.234375
3912.234375
3912.234375
3912.234375
3912.234375
3912.234375
3912.234375
3724.70703125
3733.359375
3742.2890625
3750.51171875
3759.23828125
3768.1015625
3776.94921875
3785.80078125
3794.26171875
3803.01953125
3811.88671875
3820.796875
3829.6171875
3837.6953125
3846.3984375
3855.3046875
3864.234375
3873.13671875
3881.66796875
3890.5546875
3899.5234375
3908.484375
3910.75390625
3724.4375
3724.80078125
3726.23828125
3726.23828125
3726.23828125
3726.23828125
3726.23828125
3726.23828125
3726.23828125
3726.23828125
3726.23828125
3734.625
3735.2421875
3735.2421875
3735.2421875
3735.2421875
3735.2421875
3735.2421875
3735.2421875
3735.2421875
3735.2421875
3735.2421875
3735.2421875
3735.2421875
3735.2421875
3735.2421875
3735.2421875
3735.2421875
3735.2421875
3774.703125
3919.63671875
3919.63671875
3919.63671875
3919.63671875
3919.63671875
3919.63671875
3919.63671875
3919.63671875
3919.63671875
3919.63671875
3919.63671875
3919.63671875
3919.63671875
3791.63671875
3734.9453125
3741.3515625
3747.421875
3753.9921875
3760.44140625
3766.91796875
3773.2109375
3779.3046875
3785.85546875
3792.33203125
3798.81640625
3805.140625
3811.09375
3817.6015625
3824.0703125
3830.33203125
3836.4921875
3842.45703125
3849.01953125
3855.6640625
3862.17578125
3868.71484375
3874.8359375
3881.44140625
3888.01953125
3894.58203125
3900.92578125
3906.96875
3913.421875
3917.47265625
3753.38671875
3739.02734375
3733.27734375
3734.71484375
3734.71484375
3734.71484375
3734.71484375
3734.71484375
3734.71484375
3734.71484375
3738.703125
3739.3984375
3739.3984375
3739.3984375
3739.3984375
3739.3984375
3739.3984375
3739.3984375
3739.3984375
3739.3984375
3739.3984375
3739.3984375
3739.3984375
3739.3984375
3739.3984375
3739.3984375
3739.3984375
3739.3984375
3739.3984375
3739.3984375
3826.1484375
3921.19921875
3921.19921875
3921.19921875
3921.19921875
3921.19921875
3921.19921875
3921.19921875
3921.19921875
3921.19921875
3921.19921875
3921.19921875
3921.19921875
3921.19921875
3735.29296875
3743.66796875
3752.4375
3760.96875
3769.765625
3778.515625
3787.2890625
3795.8828125
3803.90625
3812.296875
3821.09375
3829.44921875
3838.09375
3846.47265625
3855.1953125
3863.91015625
3872.60546875
3881.3828125
3889.8828125
3898.81640625
3907.57421875
3916.26953125
3919.0625
3732.0546875
3713.6875
3730.19921875
3743.7734375
3743.7734375
3743.7734375
3749.765625
3756.296875
3763.10546875
3769.62109375
3774.6484375
3760.1875
3763.25
3763.25
3763.25
3763.25
3763.25
3763.25
3763.25
3763.25
3763.25
3763.25
3763.25
3763.25
3763.25
3763.25
3763.25
3790.98046875
3921.1796875
3921.1796875
3921.1796875
3921.1796875
3921.1796875
3921.1796875
3921.1796875
3921.1796875
3921.1796875
3921.1796875
3921.1796875
3921.1796875
3921.1796875
3731.08984375
3737.140625
3743.6796875
3749.71875
3755.078125
3761.421875
3767.3125
3773.453125
3779.1328125
3785.44921875
3791.8359375
3798.3359375
3804.81640625
3810.81640625
3817.38671875
3823.84765625
3830.00390625
3836.375
3842.3828125
3848.8671875
3855.33203125
3861.82421875
3868.3828125
3874.51171875
3881.03125
3887.5703125
3893.9296875
3900.3046875
3906.40234375
3912.91796875
3919.44921875
3919.13671875
3738.9921875
3753.9609375
3769.58203125
3721.26953125
3721.26953125
3721.26953125
3721.26953125
3721.26953125
3721.26953125
3721.26953125
3721.26953125
3721.26953125
3720.40234375
3730.3359375
3730.3359375
3730.3359375
3730.3359375
3730.3359375
3730.3359375
3730.3359375
3730.3359375
3730.3359375
3730.3359375
3730.3359375
3730.3359375
3730.3359375
3730.3359375
3730.3359375
3730.3359375
3742.52734375
3899.00390625
3899.00390625
3899.00390625
3899.00390625
3899.00390625
3899.00390625
3899.00390625
3899.00390625
3899.00390625
3899.00390625
3899.00390625
3899.00390625
3899.00390625
3899.00390625
3713.43359375
3726.078125
3737.49609375
3750.45703125
3760.28515625
3771.0703125
3782.4921875
3795.01171875
3805.37109375
3815.66015625
3826.11328125
3838.2265625
3850.546875
3863.48046875
3876.265625
3887.91796875
3899.54296875
3910.078125
3922.765625
3934.83984375
3947.73046875
3960.21875
3972.55078125
3984.703125
3991.390625
3995.96875
3713.203125
3713.203125
3404.70703125
