3404.70703125
3404.70703125
3417.3984375
3417.3984375
3417.3984375
3417.3984375
3417.3984375
3417.39453125
3423.7578125
3439.19140625
3438.80859375
3438.80859375
3438.80859375
3438.80859375
3425.2265625
3422.40234375
3422.6640625
3423.31640625
3424.51953125
3417.953125
3419.38671875
3420.62890625
3416.0078125
3425.3125
3426.25390625
3417.44921875
3417.8359375
3418.3046875
3418.75
3417.8046875
3418.73046875
3419.61328125
3420.4765625
3413.96875
3414.87890625
3415.5390625
3416.70703125
3418.11328125
3405.29296875
3406.22265625
3407.15625
3408.03515625
3408.9453125
3409.9921875
3401.34375
3402.7109375
3404.0390625
3405.24609375
3406.5390625
3407.9140625
3387.90234375
3388.7734375
3389.828125
3390.6953125
3391.625
3392.4609375
3393.3515625
3356.25
3356.25390625
3356.2578125
3356.5703125
3357.01953125
3357.47265625
3357.91015625
3358.36328125
3358.8203125
3359.265625
3359.72265625
3360.15625
3352.28125
3352.30859375
3312.5703125
3313.02734375
3313.47265625
3313.9296875
3314.39453125
3314.44140625
3314.4453125
3314.44921875
3314.453125
3314.4609375
3314.46484375
3314.47265625
3314.4765625
3314.48046875
3314.484375
3314.48828125
3314.4921875
3314.49609375
3314.5
3314.62890625
3315.49609375
3316.3984375
3218.0234375
3218.02734375
3218.03125
3218.03515625
3218.0390625
3218.046875
3218.0546875
3218.05859375
3218.12109375
3218.5625
3219.01171875
3204.4453125
3204.89453125
3205.34765625
3206.59765625
3207.87109375
3209.234375
3210.52734375
3211.84375
3213.15625
3214.50390625
3215.86328125
3217.203125
3218.54296875
3219.85546875
3221.19921875
3222.55078125
3223.86328125
3225.203125
3226.5078125
3227.828125
3229.18359375
3230.53125
3231.86328125
3233.1640625
3234.515625
3235.82421875
3237.10546875
3238.41796875
3239.65625
3240.9140625
3242.2421875
3243.546875
3244.87109375
3246.171875
3247.5
3248.828125
3250.11328125
3251.4296875
3252.703125
3254.015625
3255.30859375
3256.6171875
3257.91015625
3259.1875
3260.4921875
3261.81640625
3263.1328125
3264.46875
3265.7265625
3267.04296875
3268.38671875
3215.02734375
3216.34765625
3217.640625
3218.9453125
3220.26171875
3221.5234375
3222.8515625
3224.13671875
3225.47265625
3226.8125
3228.10546875
3229.4296875
3230.71875
3232.04296875
3300.38671875
3392.8984375
3393.6484375
3394.94140625
3396.28515625
3397.64453125
3383.59765625
3384.9453125
3386.23828125
3387.578125
3388.89453125
3390.1796875
3391.50390625
3392.7890625
3394.140625
3395.5078125
3396.83203125
3398.18359375
3399.4609375
3400.6796875
3401.97265625
3403.2109375
3291.04296875
3291.88671875
3292.77734375
3293.6640625
3294.5625
3295.4609375
3296.265625
3297.125
3297.59765625
3298.4765625
3299.36328125
3300.21875
3301.10546875
3301.984375
3302.875
3303.76953125
3304.62890625
3305.5234375
3306.37890625
3307.265625
3308.15625
3309.0078125
3309.8984375
3310.79296875
3311.69921875
3312.5703125
3313.44140625
3314.34765625
3315.203125
3316.078125
3316.9453125
3317.8125
3318.70703125
3319.6015625
3320.4765625
3321.33984375
3322.23046875
3323.10546875
3323.94921875
3324.76953125
3325.62109375
3326.51171875
3327.40234375
3328.2578125
3329.2265625
3330.515625
3331.84375
3333.13671875
3334.43359375
3335.77734375
3337.06640625
3338.26953125
3339.60546875
3340.8203125
3342.11328125
3343.375
3344.69921875
3346.015625
3347.2890625
3348.62890625
3349.90625
3351.21484375
3352.546875
3353.86328125
3355.18359375
3356.42578125
3357.7421875
3359.046875
3360.29296875
3361.62109375
3362.84375
3364.16796875
3365.49609375
3366.6484375
3367.98828125
3369.265625
3370.5703125
3371.875
3373.16796875
3374.515625
3375.76171875
3377.09765625
3378.4296875
3379.74609375
3381.0703125
3382.3671875
3383.69140625
3385.01953125
3385.98046875
3387.328125
3388.62890625
3389.9609375
3391.32421875
3392.64453125
3393.9453125
3395.18359375
3396.53125
3397.83203125
3399.16015625
3400.50390625
3401.8046875
3403.11328125
3404.46875
3405.7734375
3407.10546875
3408.3203125
3409.65234375
3410.96875
3412.31640625
3413.6328125
3414.90625
3416.25
3417.57421875
3418.90625
3420.23828125
3421.53515625
3422.8359375
3424.11328125
3425.47265625
3426.81640625
3428.1171875
3429.44921875
3430.76171875
3432.09765625
3433.4453125
3434.68359375
3436.03515625
3437.3359375
3438.65234375
3439.9921875
3441.28125
3442.62890625
3443.953125
3445.28515625
3446.625
3447.90625
3449.25390625
3450.5546875
3451.90625
3453.2578125
3454.54296875
3455.875
3457.1953125
3458.4453125
3459.75
3461.046875
3462.390625
3463.63671875
3464.921875
3466.24609375
3467.5234375
3468.859375
3470.16796875
3471.49609375
3472.8203125
3474.109375
3475.4375
3476.7421875
3478.0625
3479.37890625
3480.6875
3481.8984375
3483.2265625
3484.578125
3485.87890625
3487.20703125
3488.52734375
3489.796875
3491.10546875
3492.32421875
3493.56640625
3494.80078125
3496.02734375
3496.9921875
3498.17578125
3499.4296875
3500.6328125
3501.84765625
3503.1328125
3504.27734375
3505.45703125
3506.71875
3507.97265625
3509.24609375
3510.4609375
3511.734375
3513.01171875
3514.3359375
3515.640625
3516.93359375
3517.84375
3517.90625
3518.2734375
3518.85546875
3519.40234375
3520.42578125
3521.5
3522.71484375
3523.96484375
3525.1484375
3526.44140625
3527.7421875
3528.9921875
3530.2734375
3531.53125
3532.796875
3534.08984375
3535.171875
3536.15625
3537.45703125
3538.7890625
3540.10546875
3541.37890625
3542.64453125
3543.890625
3545.109375
3546.40234375
3547.68359375
3548.90234375
3549.9921875
3550.80078125
3552.12890625
3553.33984375
3554.34765625
3555.53125
3556.734375
3557.84765625
3559.07421875
3560.28125
3561.49609375
3562.67578125
3563.74609375
3564.79296875
3565.90234375
3567.0078125
3568.08984375
3569.01953125
3570.234375
3571.4765625
3572.73828125
3573.984375
3575.18359375
3575.96484375
3576.46484375
3577.0078125
3577.875
3578.9453125
3579.64453125
3580.31640625
3581.0234375
3581.6953125
3582.26953125
3583.28125
3584.46875
3585.7421875
3586.984375
3588.265625
3589.46875
3590.2578125
3590.96875
3591.66796875
3592.859375
3594.08203125
3595.16796875
3596.1796875
3597.37109375
3598.48046875
3599.20703125
3599.8125
3600.46875
3601.421875
3602.47265625
3603.40625
3604.16015625
3604.85546875
3605.4375
3606.36328125
3607.1796875
3607.98046875
3608.52734375
3608.921875
3609.390625
3609.86328125
3610.1796875
3610.625
3611.125
3611.9921875
3612.84375
3613.5703125
3614.43359375
3615.54296875
3616.25390625
3616.99609375
3617.66796875
3618.63671875
3619.7421875
3620.97265625
3622.21484375
3623.40234375
3624.58203125
3625.50390625
3626.58203125
3627.75390625
3628.8515625
3629.96875
3631.08203125
3632.28125
3633.125
3633.92578125
3634.8125
3636.01171875
3637.3046875
3638.5078125
3639.671875
3731.86328125
3784.01953125
3784.67578125
3801.87109375
3801.87109375
3642.09375
3643.26953125
3644.50390625
3645.78515625
3386.39453125
3387.62109375
3419.49609375
3589.78125
3704.359375
3704.359375
3704.359375
3704.359375
3704.359375
3704.359375
3704.359375
3704.359375
3757.93359375
3822.4921875
3877.5546875
3922.0390625
3966.6484375
4018.73046875
4073.87109375
4102.91015625
4102.91015625
4102.91015625
4102.91015625
4102.91015625
4102.91015625
4102.91015625
4102.91015625
4102.91015625
4102.91015625
4102.91015625
4102.91015625
4102.91015625
4102.91015625
4102.91015625
4102.91015625
4102.91015625
4102.91015625
4102.91015625
4102.91015625
4102.91015625
4102.91015625
4102.91015625
4102.91015625
4102.91015625
4102.91015625
4102.91015625
4102.91015625
4102.91015625
4102.91015625
4102.91015625
4102.91015625
4102.91015625
4102.91015625
4102.91015625
4102.91015625
4102.91015625
4102.91015625
4102.91015625
4102.91015625
4103.765625
4112.87109375
4119.8984375
4128.01171875
4132.98828125
4137.45703125
4142.44140625
4148.42578125
4154.4375
4160.55859375
4167.44921875
4171.7265625
4176.94921875
4182.5546875
4187.8515625
4183.88671875
4188.921875
4194.3828125
4199.96484375
4207.265625
4212.09375
4217.52734375
4222.7265625
4228.234375
4226.9921875
4226.8125
4224.5546875
4192.39453125
4180.03125
4183.453125
4191.09375
4198.5625
4203.58203125
4207.6796875
4211.6015625
4213.1796875
4213.1796875
4213.1796875
4213.1796875
4213.1796875
4213.1796875
4213.1796875
3858.91015625
3931.125
4087.328125
4229.0078125
4289.35546875
4289.47265625
4289.58984375
4289.70703125
4289.796875
4289.8984375
4290.0078125
4290.1171875
4290.22265625
4290.3359375
4290.44921875
4290.44921875
4290.44921875
4290.44921875
4290.44921875
4290.44921875
4290.44921875
4290.44921875
4090.4296875
4090.4296875
3770.42578125
3771.08203125
3771.7578125
3772.41796875
3772.9296875
3773.40234375
3773.90625
3774.484375
3775.3046875
3776.125
3776.640625
3776.71875
3777.390625
3777.390625
3777.390625
3777.390625
3778.734375
3778.734375
3778.734375
3778.734375
3778.734375
3778.734375
3778.734375
3781.421875
3781.421875
3781.421875
3781.421875
3781.421875
3781.421875
3781.421875
3781.421875
3781.421875
3781.421875
3781.421875
3781.421875
3781.421875
3781.421875
3781.421875
3781.421875
3781.421875
3781.421875
3784.87109375
3784.87109375
3784.87109375
3784.87109375
3784.87109375
3784.87109375
3784.87109375
3784.87109375
3784.87109375
3784.87109375
3784.87109375
3784.87109375
3784.87109375
3784.87109375
3784.87109375
3784.87109375
3784.87109375
3784.87109375
3784.87109375
3784.87109375
3784.87109375
3784.87109375
3784.87109375
3784.87109375
3784.87109375
3784.87109375
3784.87109375
3784.87109375
3784.87109375
3784.87109375
3784.87109375
3784.87109375
3784.87109375
3784.87109375
3784.87109375
3784.87109375
3784.87109375
3784.87109375
3784.87109375
3784.87109375
3784.87109375
3784.87109375
3784.87109375
3784.87109375
3795.62109375
3795.62109375
3795.62109375
3795.62109375
3795.62109375
3795.62109375
3795.62109375
3795.62109375
3795.62109375
3795.62109375
3795.62109375
3795.62109375
3795.62109375
3795.62109375
3795.62109375
3795.62109375
3795.62109375
3795.62109375
3795.62109375
3795.62109375
3795.62109375
3795.62109375
3795.62109375
3795.62109375
3795.62109375
3795.62109375
3795.62109375
3795.62109375
3795.62109375
3795.62109375
3795.62109375
3795.62109375
3795.62109375
3795.62109375
3795.62109375
3795.62109375
3795.62109375
3795.62109375
3795.62109375
3795.62109375
3795.62109375
3795.62109375
3795.62109375
3795.62109375
3795.62109375
3795.62109375
3795.62109375
3795.62109375
3795.62109375
3795.62109375
3795.62109375
3795.62109375
3795.62109375
3795.62109375
3795.62109375
3795.62109375
3795.62109375
3795.62109375
3795.62109375
3795.62109375
3795.62109375
3795.62109375
3795.62109375
3795.62109375
3795.62109375
3795.62109375
3795.62109375
3795.62109375
3795.62109375
3795.62109375
3795.62109375
3795.62109375
3795.62109375
3795.62109375
3795.62109375
3795.62109375
3795.62109375
3795.62109375
3795.62109375
3795.62109375
3795.62109375
3795.62109375
3795.62109375
3795.62109375
3795.62109375
3795.62109375
3795.62109375
3795.62109375
3795.62109375
3795.62109375
3795.62109375
3795.62109375
3795.62109375
3795.62109375
3795.62109375
3795.62109375
3795.62109375
3795.62109375
3795.62109375
3795.62109375
3795.62109375
3811.1953125
3817.1015625
3817.1015625
3817.1015625
3817.1015625
3817.1015625
3817.1015625
3817.1015625
3817.1015625
3817.1015625
3817.1015625
3817.1015625
3817.1015625
3817.1015625
3817.1015625
3817.1015625
3817.1015625
3817.1015625
3817.1015625
3817.1015625
3817.1015625
3817.1015625
3817.1015625
3817.1015625
3822.62890625
3838.64453125
3838.70703125
3838.7421875
3838.77734375
3838.81640625
3838.87109375
3838.9296875
3838.97265625
3839.01953125
3839.0546875
3839.08984375
3839.13671875
3839.1796875
3839.21484375
3839.26171875
3839.3125
3839.35546875
3839.39453125
3839.44140625
3839.484375
3839.5234375
3839.578125
3839.62890625
3839.68359375
3839.74609375
3839.8046875
3839.859375
3839.90625
3839.94921875
3840.00390625
3840.07421875
3840.140625
3840.1953125
3840.24609375
3840.2890625
3840.34375
3842.3828125
3846.1171875
3849.83203125
3853.5078125
3856.46484375
3858.875
3861.48828125
3864.36328125
3866.6171875
3868.6796875
3871.26953125
3874.23828125
3876.79296875
3879.515625
3882.2578125
3885.4609375
3888.23828125
3890.1328125
3892.03125
3893.95703125
3896.3359375
3898.77734375
3901.20703125
3903.78125
3906.41796875
3909.4921875
3911.89453125
3914.75390625
3947.4375
4074.453125
4075.078125
4098.6875
4061.171875
4047.43359375
4025.00390625
4006.15234375
3970.89453125
3871.9296875
3825.375
3809.33203125
3804.05078125
3775.8046875
3674.515625
3164.59375
3164.67578125
3164.68359375
3164.6875
3164.69140625
3164.69140625
3164.69140625
3164.6953125
3164.69921875
3164.69921875
3164.703125
3164.703125
3164.70703125
3164.70703125
3164.7109375
3164.7109375
3164.71484375
3164.71875
3164.71875
3293.37890625
3478.02734375
3564.84375
3564.84375
3564.84375
3564.85546875
3564.85546875
3564.85546875
3174.1328125
3239.84765625
3239.9453125
3240.046875
3240.1484375
3290.62109375
3369.296875
3441.796875
3494.30078125
3504.2109375
3508.57421875
3512.8125
3516.75
3520.99609375
3525.12890625
3529.3671875
3533.62109375
3537.49609375
3539.99609375
3542.27734375
3544.28125
3544.28125
3544.28125
3549.68359375
3552.28125
3552.28125
3568.28125
3568.28125
3568.28125
3568.28125
3568.28125
3568.28125
3568.28125
3568.28125
3568.28125
3568.28125
3568.28125
3568.28125
3568.28125
3594.3515625
3632.28515625
3632.28515625
3632.28515625
3632.28515625
3632.28515625
3632.28515625
3632.28515625
3632.28515625
3632.28515625
3632.28515625
3632.28515625
3632.28515625
3632.28515625
3718.42578125
3760.28515625
3760.28515625
3760.28515625
3760.28515625
3760.28515625
3760.28515625
3760.28515625
3725.1328125
3558.05078125
3363.796875
3336.796875
3336.796875
3336.78515625
3336.51953125
3336.51953125
3336.58203125
3336.58203125
3336.58203125
3336.58203125
3330.6953125
3330.6953125
3330.6953125
3330.6953125
3329.93359375
3329.93359375
3328.69921875
3099.2421875
3250.34375
3320.94140625
3386.30859375
3478.3984375
3509.8984375
3509.8984375
3509.8984375
3509.8984375
3509.8984375
3509.8984375
3509.8984375
3509.8984375
3509.8984375
3509.8984375
3509.8984375
3509.8984375
3509.8984375
3509.8984375
3509.8984375
3509.8984375
3509.8984375
3509.8984375
3509.8984375
3509.8984375
3509.8984375
3509.8984375
3509.8984375
3509.8984375
3509.8984375
3509.8984375
3509.8984375
3509.8984375
3509.8984375
3509.8984375
3509.8984375
3509.8984375
3509.8984375
3509.8984375
3509.8984375
3509.8984375
3509.8984375
3509.8984375
3509.8984375
3509.8984375
3509.8984375
3509.8984375
3509.8984375
3509.8984375
3509.8984375
3509.8984375
3509.8984375
3509.8984375
3509.8984375
3509.8984375
3509.8984375
3509.8984375
3509.8984375
3509.8984375
3509.8984375
3509.8984375
3509.8984375
3509.8984375
3509.8984375
3509.8984375
3509.8984375
3509.8984375
3509.8984375
3509.8984375
3509.8984375
3509.8984375
3509.8984375
3509.8984375
3509.8984375
3509.89453125
3509.89453125
3509.89453125
3509.89453125
3509.89453125
3115.26171875
3121.38671875
3127.203125
3133.42578125
3139.5546875
3145.82421875
3152.03515625
3157.7734375
3163.84765625
3169.9140625
3175.68359375
3181.54296875
3187.140625
3193.08203125
3197.87890625
3203.1640625
3209.09375
3215.01953125
3221.09375
3227.2421875
3233.44140625
3239.66796875
3245.46484375
3251.46875
3257.12890625
3262.98828125
3268.4609375
3273.6171875
3279.1484375
3284.734375
3290.33984375
3295.9296875
3301.37890625
3306.8046875
3312.04296875
3317.38671875
3323.03515625
3328.3671875
3334.1328125
3339.98046875
3345.7578125
3351.61328125
3357.21875
3362.96875
3368.4453125
3373.6484375
3378.9296875
3383.94921875
3389.2421875
3394.578125
3400.0703125
3405.8359375
3411.2265625
3417.12109375
3422.8984375
3428.69140625
3434.30078125
3439.58984375
3444.78125
3450.0078125
3448.953125
3450.21875
3453.3359375
3454.625
3457.64453125
3462.80078125
3467.40625
3471.26171875
3474.55859375
3481.078125
3487.96875
3495.328125
3502.62890625
3509.7421875
3516.125
3523.0859375
3530.47265625
3537.515625
3544.79296875
3551.49609375
3558.01171875
3564.984375
3571.96875
3578.58984375
3583.53125
3589.78125
3595.734375
3602.09765625
3609.17578125
3616.1796875
3622.54296875
3628.55859375
3634.35546875
3640.39453125
3182.65625
3183.15234375
3341.8359375
3400.44921875
3400.44921875
3038.64453125
3123.1171875
3269.453125
3404.546875
3413.7578125
3413.7578125
3413.7578125
3504.58203125
3656.77734375
3745.52734375
3775.33984375
3775.33984375
3775.33984375
3775.33984375
3775.33984375
3775.33984375
3775.33984375
3775.33984375
3775.33984375
3775.33984375
3775.33984375
3775.33984375
3775.33984375
3775.33984375
3775.33984375
3775.33984375
3775.33984375
3775.33984375
3775.33984375
3775.33984375
3775.33984375
3775.33984375
3775.33984375
3775.33984375
3775.33984375
3775.33984375
3775.33984375
3775.33984375
3775.33984375
3775.33984375
3775.33984375
3775.33984375
3775.33984375
3775.33984375
3775.33984375
3775.33984375
3775.33984375
3775.33984375
3775.33984375
3775.33984375
3775.33984375
3775.33984375
3775.33984375
3775.33984375
3775.33984375
3775.33984375
3775.33984375
3775.33984375
3775.33984375
3775.33984375
3775.33984375
3775.33984375
3775.33984375
3775.33984375
3775.33984375
3775.33984375
3775.33984375
3775.33984375
3418.2421875
3424.21875
3430.453125
3436.50390625
3442.79296875
3448.58203125
3454.69140625
3460.453125
3466.265625
3472.39453125
3478.265625
3484.08203125
3490.51171875
3496.3828125
3502.18359375
3508.05859375
3514.52734375
3520.99609375
3526.88671875
3533.0390625
3539.30859375
3545.30859375
3551.69921875
3557.4375
3563.37109375
3569.640625
3576.05859375
3582.4765625
3588.3046875
3594.76171875
3600.70703125
3606.61328125
3612.6484375
3618.78515625
3624.8828125
3630.62109375
3636.203125
3642.33984375
3648.36328125
3654.625
3660.09765625
3665.78125
3671.90625
3678.3515625
3685.0
3692.37890625
3700.0078125
3707.97265625
3716.015625
3723.70703125
3731.78125
3739.6640625
3747.73828125
3755.828125
3764.07421875
3772.01953125
3780.203125
3788.25
3796.06640625
3803.79296875
3811.17578125
3819.08203125
3826.703125
3834.9296875
3843.25
3850.4765625
3858.703125
3863.546875
3871.4453125
3874.5625
3883.01171875
3883.71484375
3892.24609375
3892.375
3900.71875
3908.69921875
3907.98828125
3916.52734375
3916.6640625
3558.7578125
3558.80859375
2998.69921875
3069.3828125
3120.17578125
3165.96484375
3218.42578125
3279.92578125
3331.234375
3389.2578125
3400.23828125
3398.078125
3397.24609375
3397.98828125
3394.32421875
3394.8515625
3393.94921875
3394.52734375
3390.234375
3379.296875
3379.5546875
3379.81640625
3379.94921875
3380.0859375
3375.95703125
3376.73046875
3377.546875
3378.734375
3372.11328125
3372.92578125
3373.64453125
3374.59765625
3351.03125
3351.140625
3351.23828125
3351.36328125
3351.5625
3351.68359375
3351.81640625
3351.9140625
3352.3046875
3353.27734375
3354.421875
3355.5
3356.71875
3323.9296875
3324.34375
3324.796875
3325.21875
3325.6640625
3326.15234375
3326.68359375
3327.046875
3327.44140625
3327.80078125
3328.16015625
3319.23828125
3319.65234375
3319.9765625
3320.41015625
3320.80078125
3321.203125
3321.625
3322.0078125
3322.1171875
3322.4453125
3322.8828125
3323.3671875
3323.87109375
3324.28515625
3324.78515625
3325.24609375
3325.7265625
3326.1875
3326.6484375
3327.640625
3328.6796875
3329.40625
3330.10546875
3331.11328125
3332.3828125
3333.2265625
3333.890625
3334.8984375
3303.453125
3304.2734375
3305.1796875
3306.1015625
3306.9453125
3307.625
3308.09765625
3308.59375
3309.09375
3309.6015625
3310.08984375
3310.7109375
3311.33984375
3311.96484375
3312.58984375
3313.34375
3314.09765625
3314.5625
3315.04296875
3315.63671875
3316.453125
3317.30078125
3318.12109375
3318.69140625
3319.16015625
3319.62890625
3320.0703125
3320.5703125
3321.15625
3321.8046875
3322.42578125
3323.1328125
3323.83203125
3324.33203125
3324.8359375
3325.43359375
3326.2890625
3327.171875
3327.83203125
3328.36328125
3328.8203125
3329.52734375
3330.48828125
3331.3125
3332.14453125
3333.0234375
3333.7109375
3334.2109375
3334.8046875
3335.64453125
3336.29296875
3336.76953125
3337.30078125
3337.984375
3338.68359375
3284.8359375
3285.73828125
3286.328125
3286.6484375
3286.94921875
3287.2421875
3287.50390625
3287.7734375
3288.21875
3288.96875
3289.75390625
3290.59375
3291.40234375
3292.1875
3293.0703125
3293.94921875
3295.11328125
3296.23828125
3297.3984375
3298.52734375
3299.625
3300.84765625
3301.79296875
3302.984375
3304.17578125
3305.3046875
3306.390625
3307.5390625
3308.48046875
3309.30078125
3310.47265625
3311.703125
3312.94921875
3314.140625
3315.41015625
3316.37109375
3317.1796875
3318.140625
3319.015625
3320.16796875
3321.36328125
3322.53515625
3323.75
3324.95703125
3326.25
3327.2265625
3328.203125
3329.31640625
3330.26953125
3331.171875
3332.33984375
3333.50390625
3334.7265625
3335.92578125
3337.09375
3338.265625
3339.46484375
3340.5
3341.39453125
3342.55078125
3343.61328125
3344.6328125
3345.890625
3347.08203125
3348.171875
3349.22265625
3350.36328125
3351.44921875
3352.5625
3353.7890625
3354.97265625
3356.21484375
3357.21484375
3358.23046875
3359.30859375
3360.07421875
3361.1171875
3362.015625
3363.18359375
3364.390625
3365.60546875
3366.859375
3368.06640625
3369.0390625
3370.08984375
3371.2109375
3372.26171875
3373.2890625
3374.4296875
3375.625
3376.87109375
3377.7734375
3378.58984375
3379.5546875
3380.203125
3381.05859375
3382.015625
3382.61328125
3383.37890625
3384.2421875
3385.34765625
3386.29296875
3387.33984375
3388.30078125
3389.26171875
3390.12890625
3391.203125
3391.89453125
3392.49609375
3393.59375
3394.62890625
3395.65234375
3396.80859375
3397.875
3399.0546875
3400.078125
3401.13671875
3402.1171875
3403.1171875
3404.13671875
3405.38671875
3406.62890625
3407.84375
3409.00390625
3410.16015625
3411.34375
3412.296875
3413.421875
3414.5078125
3415.51953125
3416.72265625
3417.90234375
3419.2578125
3420.46484375
3421.62109375
3422.84375
3424.08203125
3425.27734375
3426.3515625
3427.50390625
3428.65234375
3429.8046875
3430.90625
3432.02734375
3433.1171875
3434.2109375
3435.140625
3436.29296875
3436.8984375
3437.2421875
3438.2890625
3439.4765625
3440.78125
3441.89453125
3442.94921875
3444.0546875
3445.07421875
3445.9921875
3446.3125
3446.58203125
3447.484375
3448.64453125
3449.6171875
3450.24609375
3450.84375
3451.8984375
3453.0234375
3454.15234375
3455.2109375
3456.2734375
3457.35546875
3458.46484375
3459.62109375
3460.734375
3461.85546875
3462.97265625
3463.97265625
3465.1171875
3466.1875
3467.2734375
3468.421875
3469.53515625
3470.671875
3471.77734375
3472.75390625
3473.52734375
3474.484375
3475.50390625
3476.609375
3477.74609375
3478.88671875
3480.05078125
3481.125
3482.078125
3483.234375
3484.42578125
3485.62109375
3486.6640625
3487.6640625
3488.80859375
3489.98046875
3491.14453125
3492.203125
3493.05078125
3493.87890625
3494.953125
3496.125
3497.17578125
3497.8046875
3498.7421875
3499.6953125
3500.73046875
3529.6875
3580.2890625
3580.2890625
3580.2890625
3580.2890625
3580.2890625
3580.2890625
3580.2890625
3580.2890625
3580.2890625
3580.2890625
3580.2890625
3580.2890625
3580.2890625
3580.2890625
3580.2890625
3580.2890625
3580.2890625
3580.2890625
3580.2890625
3580.2890625
3580.2890625
3580.2890625
3582.13671875
3587.63671875
3593.26171875
3597.3671875
3602.2421875
3608.03125
3613.7734375
3619.37890625
3624.8125
3630.53125
3636.09375
3641.1328125
3645.421875
3647.77734375
3650.01953125
3654.66015625
3659.4375
3664.18359375
3668.765625
3673.69921875
3679.37109375
3685.140625
3686.328125
3686.328125
3610.8828125
3710.46875
3710.62890625
3710.75
3710.8828125
3711.0078125
3711.14453125
3711.26953125
3711.390625
3711.51171875
3720.93359375
3883.9296875
3923.6328125
3923.6328125
4064.61328125
4138.0
4138.0
4138.0
4138.0
4138.0
4138.0
4138.0
4138.0
4138.0
4138.0
4138.0
4138.0
4138.0
4138.0
4138.0
4138.0
4138.0
4138.0
4138.0
4138.0
4138.0
4138.0
4138.0
4138.0
4138.0
4138.0
4138.0
4138.0
4138.0
4138.0
4138.0
4138.0
4138.0
4138.0
4138.0
4138.0
4138.0
4138.0
4138.0
3927.50390625
3931.79296875
3933.6875
3935.23046875
3936.90234375
3938.53515625
3940.3828125
3942.13671875
3944.3515625
3946.01953125
3948.25390625
3951.62109375
3954.44140625
3957.41796875
3960.9296875
3965.10546875
3969.87890625
3974.84375
3979.59765625
3984.17578125
3988.7734375
3993.5
3998.09765625
4002.5078125
4006.98046875
4011.859375
4016.7578125
4020.90234375
4024.4375
4029.19140625
4033.8515625
4038.98046875
4043.6015625
4048.5234375
4053.50390625
4057.94921875
4062.3515625
4066.48828125
4070.2265625
4073.38671875
4077.65234375
4082.63671875
4087.5234375
4092.56640625
4097.33984375
4102.00390625
4106.7265625
4111.15234375
4115.08203125
4118.0703125
4122.703125
4127.453125
4131.10546875
4135.92578125
3927.0703125
3797.92578125
3802.01171875
3924.58203125
4081.6953125
3745.62109375
3782.39453125
3968.36328125
4089.7265625
4091.28515625
4068.30078125
3752.11328125
3779.30078125
3804.40625
3830.375
3856.49609375
3884.55859375
3912.58203125
3939.0546875
3981.4765625
4014.2734375
4041.546875
4069.19140625
4099.52734375
4139.62890625
4164.53125
4191.5
4214.078125
4125.94140625
4125.94140625
4125.94140625
3623.9921875
3693.93359375
3816.0859375
3942.9140625
4037.55859375
4037.55859375
4037.55859375
4037.55859375
4037.55859375
4037.55859375
4037.55859375
4037.55859375
4037.55859375
4037.55859375
4037.55859375
4037.55859375
4037.55859375
4037.55859375
4037.55859375
4037.55859375
4037.55859375
4037.55859375
4037.55859375
4037.55859375
4037.55859375
4037.55859375
4037.55859375
4037.55859375
4037.55859375
4037.55859375
4037.55859375
4037.55859375
4037.55859375
4037.55859375
4037.55859375
4037.55859375
4037.55859375
4037.55859375
4037.55859375
4037.55859375
4037.55859375
4037.55859375
4037.55859375
4037.55859375
4037.55859375
4037.55859375
4037.55859375
4037.55859375
4037.55859375
4037.55859375
4037.55859375
4037.55859375
4037.55859375
4037.55859375
4037.55859375
4037.55859375
4037.55859375
4037.55859375
4037.55859375
4037.55859375
4037.55859375
4037.55859375
3679.91015625
3689.82421875
3700.2265625
3709.49609375
3717.3515625
3726.39453125
3735.2421875
3744.7578125
3754.63671875
3764.08203125
3773.33984375
3782.16796875
3789.8046875
3796.171875
3805.35546875
3812.65625
3815.15625
3817.671875
3820.72265625
3825.5
3833.59765625
3842.02734375
3850.69921875
3860.49609375
3870.4921875
3878.94921875
3888.46875
3897.359375
3906.73828125
3915.96875
3924.91015625
3933.7265625
3942.39453125
3951.90234375
3960.93359375
3970.4140625
3979.9765625
3987.76953125
3995.10546875
4004.7890625
4013.92578125
4022.54296875
4031.1328125
4041.03125
4051.015625
4060.6484375
4070.02734375
4078.8515625
4087.71875
4096.94140625
4105.79296875
4113.4921875
4122.6640625
4132.1953125
4142.01171875
4152.171875
4162.0625
4170.55078125
4180.6953125
4189.4140625
4198.91796875
4208.9765625
4217.5078125
4209.9140625
4233.125
4206.55078125
4233.69140625
4285.296875
4369.953125
4465.51171875
4550.3125
4644.7890625
4753.47265625
4834.21875
4834.85546875
4835.79296875
4836.5625
4837.45703125
4838.0078125
4838.0078125
4838.0078125
4838.0078125
4838.0078125
4838.0078125
4838.0078125
4838.0078125
4838.0078125
4838.0078125
4838.0078125
4838.0078125
4838.0078125
4838.0078125
4838.0078125
4838.0078125
4838.0078125
4838.0078125
4838.0078125
4838.0078125
4838.0078125
4838.0078125
4838.0078125
4838.0078125
4838.0078125
4838.0078125
4838.0078125
4838.0078125
4838.0078125
4838.0078125
4838.0078125
4838.0078125
4838.0078125
4838.0078125
4838.0078125
4838.0078125
4838.0078125
4838.0078125
4838.0078125
4838.0078125
4838.0078125
4838.0078125
4838.0078125
4838.0078125
4838.0078125
4838.0078125
4838.0078125
4838.0078125
4838.0078125
4838.0078125
4838.0078125
4838.0078125
4838.0078125
4838.0078125
4838.0078125
4838.0078125
4838.0078125
4838.0078125
4838.0078125
4838.0078125
4838.0078125
4838.0078125
4838.0078125
4838.0078125
4838.0078125
4838.0078125
4838.0078125
4838.0078125
4838.0078125
4838.0078125
4838.0078125
4838.0078125
4838.0078125
4838.0078125
4838.0078125
4838.0078125
4838.0078125
4838.0078125
4838.0078125
4838.0078125
4838.0078125
4838.0078125
4838.0078125
4838.0078125
4838.0078125
4838.0078125
4838.0078125
4838.0078125
4838.0078125
4838.0078125
4838.0078125
4838.0078125
4838.0078125
4838.0078125
4838.0078125
4838.0078125
4838.0078125
4838.0078125
4838.0078125
4838.0078125
4838.0078125
4838.0078125
4838.0078125
4838.0078125
4838.0078125
4838.0078125
4838.0078125
4838.0078125
4838.0078125
4838.0078125
4838.0078125
4838.0078125
4838.0078125
4838.0078125
4838.0078125
4838.0078125
4838.0078125
4838.0078125
4838.0078125
4838.0078125
4838.0078125
4838.0078125
4838.0078125
4838.0078125
4838.0078125
4838.0078125
4838.0078125
4838.0078125
4838.0078125
4838.0078125
4838.0078125
4838.0078125
4838.0078125
4838.0078125
4838.0078125
4838.0078125
4838.0078125
4838.0078125
4838.0078125
4838.0078125
4838.0078125
4838.0078125
4838.0078125
4838.0078125
4838.0078125
4838.0078125
4838.0078125
4838.0078125
4838.0078125
4838.0078125
4838.0078125
4838.0078125
4838.0078125
4838.0078125
4838.0078125
4838.0078125
4838.0078125
4838.0078125
4838.0078125
4838.0078125
4838.0078125
4838.0078125
4838.0078125
4838.0078125
4838.0078125
4838.0078125
4838.0078125
4838.0078125
4838.0078125
4838.0078125
4838.0078125
4838.0078125
4838.0078125
4838.0078125
4838.0078125
4838.0078125
4838.0078125
4617.07421875
4039.76953125
3893.98828125
4080.3359375
4080.3359375
4080.3359375
4080.3359375
4080.3359375
4080.3359375
4080.3359375
4080.3359375
4080.3359375
4080.3359375
4080.3359375
4080.3359375
4080.3359375
4080.3359375
4080.3359375
4080.3359375
4080.3359375
4080.3359375
4080.3359375
4080.3359375
4080.3359375
4080.3359375
4080.3359375
4080.3359375
4080.3359375
4080.3359375
4080.3359375
4080.3359375
4080.3359375
4080.3359375
4080.3359375
4080.3359375
4080.3359375
4080.3359375
4080.3359375
4080.3359375
4080.3359375
4080.3359375
4080.3359375
4080.3359375
4080.3359375
4080.3359375
4080.3359375
4080.3359375
4080.3359375
3869.34375
3876.21484375
3882.83203125
3888.0859375
3891.17578125
3896.78125
3901.046875
3901.76171875
3902.578125
3904.01953125
3905.73046875
3906.59765625
3908.0859375
3910.90234375
3915.4453125
3921.15234375
3927.84375
3934.59765625
3941.34765625
3947.1015625
3954.1171875
3959.54296875
3961.2421875
3963.21484375
3965.34375
3967.43359375
3970.078125
3973.85546875
3979.69921875
3983.5546875
3985.359375
3988.453125
3992.49609375
3999.2734375
4004.40234375
4008.390625
4012.74609375
4018.125
4022.0390625
4027.66796875
4033.95703125
4038.73828125
4045.78515625
4052.6875
4059.4140625
4066.26953125
4073.18359375
4080.3203125
4087.55078125
4093.3046875
4097.7421875
4103.8984375
4110.2578125
4116.56640625
4123.3984375
4130.6171875
4137.9765625
4143.83203125
4149.62109375
4153.7734375
4160.53515625
4166.51171875
4171.6171875
4177.95703125
4184.1953125
4180.703125
4180.703125
4038.47265625
4222.21875
4080.1484375
3983.04296875
4049.1328125
4216.6796875
4333.09765625
4333.72265625
4334.0390625
4334.67578125
4335.54296875
3974.2578125
4006.96484375
4050.44921875
4094.90625
4139.08984375
4186.0390625
4232.3046875
4283.01953125
4333.2265625
4384.078125
4424.22265625
4469.83984375
4360.76953125
4360.76953125
4232.76953125
3869.66796875
3989.5703125
4188.6875
4283.19140625
4283.19140625
4283.19140625
4283.19140625
4283.19140625
4283.19140625
4283.19140625
4283.19140625
4283.19140625
4283.19140625
4283.19140625
4283.19140625
4283.19140625
4283.19140625
4283.19140625
4283.19140625
4283.19140625
4283.19140625
4283.19140625
4283.19140625
4283.19140625
4283.19140625
4283.19140625
4283.19140625
4283.19140625
4283.19140625
4283.19140625
4283.19140625
4283.19140625
4283.19140625
4283.19140625
4283.19140625
4283.19140625
4283.19140625
4283.19140625
4283.19140625
4283.19140625
4283.19140625
4283.19140625
4283.19140625
4283.19140625
4283.19140625
4283.19140625
4283.19140625
4283.19140625
4283.19140625
4283.19140625
4283.19140625
4283.19140625
4283.19140625
4283.19140625
4283.19140625
3926.17578125
3933.60546875
3940.6796875
3947.453125
3954.875
3962.27734375
3969.5234375
3976.63671875
3983.5859375
3990.76953125
3997.94140625
4004.72265625
4010.88671875
4019.0703125
4028.3046875
4036.83203125
4045.8125
4055.36328125
4063.73046875
4072.80078125
4081.02734375
4089.86328125
4098.46484375
4107.3203125
4115.59375
4123.9140625
4133.53515625
4142.62890625
4151.25390625
4159.01171875
4167.390625
4176.8515625
4186.9296875
4193.50390625
4203.05078125
4211.74609375
4221.078125
4231.01171875
4240.71484375
4250.55859375
4260.1796875
4269.2734375
4278.51171875
4288.12109375
4297.50390625
4306.84375
4316.3046875
4325.359375
4333.23828125
4341.42578125
4350.98828125
4361.04296875
4371.06640625
4381.12890625
4390.67578125
4399.7890625
4409.453125
4419.5546875
4428.90234375
4437.5234375
4447.12890625
4457.0
4456.46484375
4469.50390625
4610.33203125
4771.1484375
4879.484375
4880.80859375
4882.0234375
4883.0625
4883.0625
4883.0625
4883.0625
4883.0625
4883.0625
4883.0625
4883.0625
4883.0625
4883.0625
4883.0625
4883.0625
4883.0625
4883.0625
4883.0625
4883.0625
4883.0625
4883.0625
4883.0625
4883.0625
4883.0625
4883.0625
4883.0625
4883.0625
4883.0625
4883.0625
4883.0625
4883.0625
4883.0625
4883.0625
4883.0625
4883.0625
4883.0625
4883.0625
4883.0625
4883.0625
4883.0625
4883.0625
4883.0625
4883.0625
4883.0625
4883.0625
4883.0625
4883.0625
4883.0625
4883.0625
4883.0625
4883.0625
4883.0625
4883.0625
4883.0625
4883.0625
4883.0625
4883.0625
4883.0625
4883.0625
4883.0625
4883.0625
4883.0625
4883.0625
4883.0625
4883.0625
4883.0625
4883.0625
4883.0625
4883.0625
4883.0625
4883.0625
4883.0625
4883.0625
4883.0625
4883.0625
4883.0625
4883.0625
4883.0625
4883.0625
4883.0625
4883.0625
4883.0625
4883.0625
4883.0625
4883.0625
4883.0625
4882.125
4882.125
4882.125
4882.125
4882.125
4882.125
4882.125
4882.125
4882.125
4882.125
4882.125
4882.125
4882.125
4882.125
4882.125
4882.125
4882.125
4882.125
4882.125
4882.125
4882.125
4882.125
4882.125
4882.125
4882.125
4882.125
4882.125
4882.125
4882.125
4882.125
4882.125
4882.125
4882.125
4882.125
4882.125
4882.125
4882.125
4882.125
4882.125
4882.125
4882.125
4882.125
4882.125
4882.125
4882.125
4882.125
4882.125
4882.125
4882.125
4882.125
4882.125
4882.125
4882.125
4882.125
4882.125
4882.125
4882.125
4882.125
4882.125
4882.125
4882.125
4882.125
4882.125
4882.125
4882.125
4882.125
4882.125
4882.125
4882.125
4882.125
4882.125
4882.125
4882.125
4882.125
4882.125
4882.125
4882.125
4882.125
4882.125
4882.125
4882.125
4882.125
4882.125
4882.125
4882.125
4882.125
4882.125
4882.125
4882.125
4882.125
4882.125
4882.125
4882.125
4882.125
4882.125
4882.125
4882.125
4882.125
4882.125
4882.125
4882.125
4882.125
4882.125
4882.125
4882.125
4882.125
4882.125
4882.125
4882.125
4882.125
4882.125
4882.125
4882.125
4882.125
4882.125
4882.125
4882.125
4882.125
4882.125
4882.125
4882.125
4882.125
4882.125
4882.125
4882.125
4882.125
4882.125
4882.125
4882.125
4882.125
4882.125
4882.125
4882.125
4882.125
4882.125
4882.125
4882.125
4882.125
4882.125
4882.125
4882.125
4882.125
4882.125
4882.125
4882.125
4882.125
4882.125
4882.125
4882.125
4882.125
4882.125
4882.125
4882.125
4882.125
4882.125
4849.18359375
4594.21875
3877.046875
3984.60546875
4118.8203125
4118.8203125
4118.8203125
4118.8203125
4118.8203125
4118.8203125
4118.8203125
4118.8203125
4118.8203125
4118.8203125
4118.8203125
4118.8203125
4118.8203125
4118.8203125
4118.8203125
4118.8203125
4118.8203125
4118.8203125
4118.8203125
4118.8203125
4118.8203125
4118.8203125
4118.8203125
4118.8203125
4118.8203125
4118.8203125
4118.8203125
4118.8203125
4118.8203125
4118.8203125
4118.8203125
4118.8203125
4118.8203125
4118.8203125
4118.8203125
4118.8203125
4118.8203125
3908.3671875
3913.98046875
3919.4453125
3924.9765625
3930.5625
3936.0625
3941.5546875
3947.171875
3952.75
3958.26953125
3963.69140625
3969.0625
3974.5078125
3979.88671875
3985.27734375
3990.78515625
3996.2265625
4001.69921875
4007.1796875
4012.65234375
4018.14453125
4023.64453125
4028.93359375
4034.4375
4040.015625
4045.5859375
4051.125
4056.50390625
4062.0234375
4067.546875
4072.87890625
4078.44140625
4083.87890625
4089.10546875
4094.6015625
4100.08984375
4105.5859375
4111.078125
4116.47265625
4121.95703125
4127.4296875
4133.015625
4138.58203125
4143.73828125
4149.0625
4154.67578125
4160.15625
4165.69921875
4171.15234375
4176.51953125
4181.82421875
4187.21484375
4192.703125
4197.9609375
4203.52734375
4208.88671875
4214.3671875
4219.8984375
4220.5625
4220.5625
4130.265625
4133.69921875
4328.25
4008.46875
4049.08203125
4048.07421875
4203.44921875
4369.0625
4371.6796875
4371.6796875
4014.21484375
4053.4765625
4092.76953125
4132.26953125
4172.359375
4215.2421875
4258.65625
4304.22265625
4353.19140625
4401.42578125
4448.79296875
4489.7734375
4391.2578125
4391.2578125
4112.87109375
3915.23828125
4004.93359375
4172.9375
4326.78515625
4326.78515625
4326.78515625
4326.78515625
4326.78515625
4326.78515625
4326.78515625
4326.78515625
4326.78515625
4326.78515625
4326.78515625
4326.78515625
4326.78515625
4326.78515625
4326.78515625
4326.78515625
4326.78515625
4326.78515625
4326.78515625
4326.78515625
4326.78515625
4326.78515625
4326.78515625
4326.78515625
4326.78515625
4326.78515625
4326.78515625
4326.78515625
4326.78515625
4326.78515625
4326.78515625
4326.78515625
4326.78515625
4326.78515625
4326.78515625
4326.78515625
4326.78515625
4326.78515625
4326.78515625
4326.78515625
4326.78515625
4326.78515625
4326.78515625
4326.78515625
4326.78515625
4326.78515625
4326.78515625
4326.78515625
4326.78515625
4326.78515625
4326.78515625
4326.78515625
4326.78515625
4326.78515625
4326.78515625
3965.38671875
3972.25
3979.41015625
3987.0078125
3994.5859375
4001.65234375
4008.953125
4016.01171875
4022.87890625
4029.6484375
4036.8125
4044.296875
4051.84765625
4058.53515625
4065.765625
4071.96875
4078.31640625
4085.1953125
4090.37890625
4100.0078125
4109.29296875
4118.1015625
4125.625
4131.19140625
4138.31640625
4144.2734375
4153.9765625
4163.67578125
4173.32421875
4182.828125
4192.4609375
4202.171875
4211.80859375
4221.8359375
4231.78515625
4241.30078125
4251.01953125
4261.0
4271.375
4280.6328125
4290.4921875
4300.34375
4310.03515625
4319.69921875
4330.0390625
4340.46484375
4350.44921875
4360.421875
4370.328125
4379.60546875
4387.64453125
4395.2890625
4403.21875
4411.94140625
4420.96875
4430.73828125
4440.32421875
4449.98046875
4459.70703125
4469.12890625
4478.95703125
4487.10546875
4494.84765625
4504.3203125
4503.0625
4506.8203125
4605.265625
4643.1640625
4758.31640625
4804.62109375
4817.6875
4818.84765625
4819.890625
4820.58984375
4820.58984375
4820.58984375
4820.58984375
4820.58984375
4820.58984375
4820.58984375
4820.58984375
4820.58984375
4820.58984375
4820.58984375
4820.58984375
4820.58984375
4820.58984375
4820.58984375
4820.58984375
4820.58984375
4820.58984375
4820.58984375
4820.58984375
4820.58984375
4820.58984375
4820.58984375
4820.58984375
4820.58984375
4820.58984375
4820.58984375
4820.58984375
4820.58984375
4820.58984375
4820.58984375
4820.58984375
4820.58984375
4820.58984375
4820.58984375
4820.58984375
4820.58984375
4820.58984375
4820.58984375
4820.58984375
4820.58984375
4820.58984375
4820.58984375
4820.58984375
4820.58984375
4820.58984375
4820.58984375
4820.58984375
4820.58984375
4820.58984375
4820.58984375
4820.58984375
4820.58984375
4820.58984375
4820.58984375
4820.58984375
4820.58984375
4820.58984375
4820.58984375
4820.58984375
4820.58984375
4820.58984375
4820.58984375
4820.58984375
4820.58984375
4820.58984375
4820.58984375
4820.58984375
4820.58984375
4820.58984375
4820.58984375
4820.58984375
4820.58984375
4820.58984375
4820.58984375
4820.58984375
4820.58984375
4820.58984375
4820.58984375
4820.58984375
4820.58984375
4820.58984375
4820.58984375
4820.58984375
4820.58984375
4820.58984375
4820.58984375
4820.58984375
4820.58984375
4820.58984375
4820.58984375
4820.58984375
4820.58984375
4820.58984375
4820.58984375
4820.58984375
4820.58984375
4820.58984375
4820.58984375
4820.58984375
4820.58984375
4820.58984375
4820.58984375
4820.58984375
4820.58984375
4820.58984375
4820.58984375
4820.58984375
4820.58984375
4820.58984375
4820.58984375
4820.58984375
4820.58984375
4820.58984375
4820.58984375
4820.58984375
4820.58984375
4820.58984375
4820.58984375
4820.58984375
4820.58984375
4820.58984375
4820.58984375
4820.58984375
4820.58984375
4820.58984375
4820.58984375
4820.58984375
4820.58984375
4820.58984375
4820.58984375
4820.58984375
4820.58984375
4820.58984375
4820.58984375
4820.58984375
4820.58984375
4820.58984375
4820.58984375
4820.58984375
4820.58984375
4820.58984375
4820.58984375
4820.58984375
4820.58984375
4820.58984375
4820.58984375
4820.58984375
4820.58984375
4820.58984375
4820.58984375
4820.58984375
4820.58984375
4820.58984375
4820.58984375
4820.58984375
4820.58984375
4820.58984375
4820.58984375
4820.58984375
4820.58984375
4820.58984375
4820.58984375
4820.58984375
4820.58984375
4820.58984375
4820.58984375
4820.58984375
4820.58984375
4820.58984375
4820.58984375
4820.58984375
4820.58984375
4820.58984375
4820.58984375
4820.58984375
4820.58984375
4820.58984375
4820.58984375
4820.58984375
4820.58984375
4820.58984375
4820.58984375
4820.58984375
4820.58984375
4820.58984375
4820.58984375
4820.58984375
4820.58984375
4820.58984375
4820.58984375
4820.58984375
4820.58984375
4820.58984375
4820.58984375
4820.58984375
4820.58984375
4820.58984375
4820.58984375
4820.58984375
4820.58984375
4550.04296875
3787.81640625
3892.578125
4028.59375
4028.59375
4028.59375
4028.59375
4028.59375
4028.59375
4028.59375
4028.59375
4028.59375
4028.59375
4028.59375
4028.59375
4028.59375
4028.59375
4028.59375
4028.59375
4028.59375
4028.59375
4028.59375
4028.59375
4028.59375
4028.59375
4028.59375
4028.59375
4028.59375
4028.59375
4028.59375
4028.59375
4028.59375
4028.59375
4028.59375
4028.59375
4028.59375
4028.59375
4028.59375
4028.59375
4028.59375
4028.59375
3816.67578125
3821.9921875
3827.7734375
3833.53125
3839.45703125
3845.28515625
3850.87109375
3856.8125
3862.71875
3868.5
3874.39453125
3879.66796875
3885.38671875
3891.16015625
3896.89453125
3902.78515625
3908.37890625
3914.28125
3920.10546875
3925.39453125
3931.04296875
3936.03125
3940.55859375
3946.28515625
3952.0625
3957.7109375
3962.82421875
3968.05078125
3973.1015625
3978.27734375
3982.8046875
3987.359375
3992.50390625
3997.70703125
4002.8046875
4007.23828125
4011.0703125
4017.9609375
4024.6953125
4031.33984375
4035.87890625
4041.32421875
4047.6171875
4053.96875
4060.35546875
4064.8671875
4071.69921875
4078.82421875
4085.96484375
4092.26953125
4095.296875
4099.90625
4104.6875
4109.4140625
4114.578125
4118.10546875
4124.28125
4130.41015625
4134.6328125
4130.3359375
4064.0390625
4027.91015625
4220.67578125
4175.8125
3921.12890625
3937.28125
3952.3125
3906.65625
4044.76171875
4228.76953125
4274.67578125
4274.67578125
4274.67578125
3932.76171875
3962.47265625
4001.68359375
4049.953125
4099.3984375
4123.7578125
4166.79296875
4190.13671875
4235.0390625
4277.25390625
4296.0625
4317.8515625
4317.8515625
4317.83984375
4317.83984375
3925.2578125
3904.421875
3955.78125
4084.1640625
4201.86328125
4277.91015625
4312.93359375
4312.66796875
4312.66796875
4312.66796875
4312.66796875
4312.66796875
4312.65234375
4312.65234375
4312.65234375
4312.65234375
4312.65234375
4312.65234375
4312.65234375
4312.65234375
4312.65234375
4312.65234375
4312.65234375
4312.65234375
4312.65234375
4312.65234375
4312.65234375
4312.6171875
4312.6171875
4312.6171875
4312.6171875
4312.6171875
4312.6171875
4312.6171875
4312.6171875
4312.6171875
4312.59765625
4312.59765625
4312.59765625
4312.59765625
4312.59765625
4312.59765625
4312.59765625
4312.5
4312.5
4312.5
4312.5
4312.5
4312.5
4312.5
4312.5
4312.5
4312.5
4312.5
4312.5
4312.5
4312.5
4312.5
4312.5
4312.5
4312.5
4312.5
4312.5
4312.5
4312.5
4312.5
4312.5
4312.5
3953.515625
3961.42578125
3970.3984375
3978.96484375
3987.12109375
3994.21484375
4001.71484375
4009.8828125
4018.90234375
4026.78125
4034.41015625
4042.0859375
4050.47265625
4058.8671875
4066.43359375
4075.24609375
4083.12109375
4090.65234375
4099.14453125
4106.15234375
4113.89453125
4122.55859375
4130.84375
4139.5703125
4147.73828125
4155.3359375
4162.95703125
4170.01953125
4177.82421875
4186.42578125
4192.78515625
4198.89453125
4205.69921875
4212.83984375
4219.78515625
4227.52734375
4235.10546875
4242.9609375
4250.68359375
4258.37890625
4263.8359375
4267.390625
4275.90625
4277.9453125
4281.34375
4289.5078125
4294.80078125
4291.75390625
4296.80078125
4305.41796875
4313.7421875
4320.86328125
4327.453125
4333.6953125
4339.6015625
4345.84765625
4348.78125
4355.3125
4360.00390625
4367.62109375
4372.08984375
4375.734375
4378.36328125
4382.3515625
4389.3671875
4397.64453125
4406.6640625
4415.421875
4423.2890625
4431.99609375
4440.515625
4328.66015625
4332.22265625
4424.37890625
4507.2109375
4639.32421875
4749.796875
4751.30859375
4752.40234375
4753.26953125
4753.54296875
4753.54296875
4753.54296875
4753.54296875
4753.54296875
4753.54296875
4753.54296875
4753.54296875
4753.54296875
4753.54296875
4753.54296875
4753.54296875
4753.54296875
4753.54296875
4753.54296875
4753.54296875
4753.54296875
4753.54296875
4753.54296875
4753.54296875
4753.54296875
4753.54296875
4753.54296875
4753.54296875
4753.54296875
4753.54296875
4753.54296875
4753.54296875
4753.54296875
4753.54296875
4753.54296875
4753.54296875
4753.54296875
4753.54296875
4753.54296875
4753.54296875
4753.54296875
4753.54296875
4753.54296875
4753.54296875
4753.54296875
4753.54296875
4753.54296875
4753.54296875
4753.54296875
4753.54296875
4753.54296875
4753.54296875
4753.54296875
4753.54296875
4753.54296875
4753.54296875
4753.54296875
4753.54296875
4753.54296875
4753.54296875
4753.54296875
4753.54296875
4753.54296875
4753.54296875
4753.54296875
4753.54296875
4753.54296875
4753.54296875
4753.54296875
4753.54296875
4753.54296875
4753.54296875
4753.54296875
4753.54296875
4753.54296875
4753.54296875
4753.54296875
4753.54296875
4753.54296875
4753.54296875
4753.54296875
4753.54296875
4753.54296875
4753.54296875
4753.54296875
4753.54296875
4753.54296875
4753.54296875
4753.54296875
4753.54296875
4753.54296875
4753.54296875
4753.54296875
4753.54296875
4753.54296875
4753.54296875
4753.54296875
4753.54296875
4753.54296875
4753.54296875
4753.54296875
4753.54296875
4753.54296875
4753.54296875
4753.54296875
4753.54296875
4753.54296875
4753.54296875
4753.54296875
4753.54296875
4753.54296875
4753.54296875
4753.54296875
4753.54296875
4753.54296875
4753.54296875
4753.54296875
4753.54296875
4753.54296875
4753.54296875
4753.54296875
4753.54296875
4753.54296875
4753.54296875
4753.54296875
4753.54296875
4753.54296875
4753.54296875
4753.54296875
4753.54296875
4753.54296875
4753.54296875
4753.54296875
4753.54296875
4753.54296875
4753.54296875
4753.54296875
4753.54296875
4753.54296875
4753.54296875
4753.54296875
4753.54296875
4740.5625
4628.578125
4360.578125
3772.69140625
3910.41015625
3995.16015625
3995.16015625
3995.16015625
3995.16015625
3995.16015625
3995.16015625
3995.16015625
3995.16015625
3995.16015625
3995.16015625
3995.16015625
3995.16015625
3995.16015625
3995.16015625
3995.16015625
3995.16015625
3995.16015625
3995.16015625
3995.16015625
3995.16015625
3995.16015625
3995.16015625
3995.16015625
3995.16015625
3995.16015625
3995.16015625
3995.16015625
3995.16015625
3995.16015625
3995.16015625
3995.16015625
3995.16015625
3995.16015625
3995.16015625
3995.16015625
3995.16015625
3995.16015625
3995.16015625
3995.16015625
3995.16015625
3783.96875
3789.84765625
3796.21484375
3802.16796875
3808.8125
3815.0
3820.52734375
3827.30859375
3833.4140625
3839.453125
3845.99609375
3852.41015625
3857.89453125
3862.33203125
3868.76171875
3874.19140625
3880.93359375
3887.40625
3892.6015625
3898.3046875
3904.234375
3910.1015625
3915.03125
3920.89453125
3926.7890625
3932.890625
3938.94921875
3945.484375
3950.76953125
3956.86328125
3962.5703125
3968.25
3974.83203125
3979.37109375
3985.41796875
3989.40625
3995.71875
4001.8359375
4007.75390625
4013.875
4020.28125
4026.4921875
4032.94921875
4039.75390625
4046.52734375
4053.31640625
4059.8046875
4066.578125
4072.73828125
4079.14453125
4085.859375
4092.41015625
4099.1796875
4097.06640625
3883.078125
4035.94140625
4228.5625
4244.37109375
3887.03125
3918.74609375
3951.515625
3984.046875
4016.796875
4050.18359375
4070.19140625
4070.19140625
3991.23828125
4186.40234375
4233.92578125
3878.42578125
3911.19921875
3945.69921875
3978.4453125
4011.51171875
4032.02734375
4032.02734375
3880.0625
4018.04296875
4210.49609375
4288.5859375
4288.5859375
4288.5859375
4288.5859375
4288.5859375
4288.5859375
4288.5859375
4288.5859375
4288.5859375
4288.5859375
4288.5859375
4288.5859375
4288.5859375
4288.5859375
4288.5859375
4288.5859375
4288.5859375
4288.5859375
4288.5859375
4288.5859375
4288.5859375
4288.5859375
4288.5859375
4288.5859375
4288.5859375
4288.5859375
4288.5859375
4288.5859375
4288.5859375
4288.5859375
4288.5859375
4288.5859375
4288.5859375
4288.5859375
4288.5859375
4288.5859375
4288.5859375
4288.5859375
4288.5859375
4288.5859375
4288.5859375
4288.5859375
4288.5859375
4288.5859375
4288.5859375
4288.5859375
4288.5859375
4288.5859375
4288.5859375
4288.5859375
3930.9921875
3937.9765625
3944.15625
3950.5625
3956.796875
3963.2421875
3969.79296875
3976.60546875
3983.625
3990.5
3997.546875
4004.8203125
4011.9453125
4019.0703125
4026.16015625
4033.109375
4040.50390625
4047.828125
4054.58203125
4060.86328125
4067.47265625
4074.48828125
4081.51171875
4088.203125
4094.62890625
4101.69140625
4108.171875
4113.65234375
4120.7578125
4128.55859375
4136.69140625
4145.64453125
4154.05078125
4163.54296875
4172.15625
4180.94921875
4190.19140625
4194.97265625
4200.15625
4207.5234375
4215.4921875
4223.33984375
4229.48828125
4233.78125
4238.41015625
4243.88671875
4249.8046875
4254.4921875
4258.41796875
4260.19921875
4263.01953125
4266.5859375
4271.046875
4274.6484375
4277.9140625
4282.32421875
4286.80859375
4291.00390625
4296.734375
4302.05859375
4307.01171875
4311.09375
4315.765625
4320.32421875
4325.625
4331.57421875
4337.1171875
4342.7890625
4349.10546875
4353.8046875
4360.78125
4364.62109375
4368.0703125
4370.15234375
4374.7265625
4382.54296875
4388.7890625
4396.84765625
4404.453125
4410.8671875
4418.85546875
4426.37890625
4435.80078125
4445.24609375
4453.68359375
4463.14453125
4463.390625
4348.08984375
4363.5546875
4411.69140625
4447.3984375
4484.51953125
4548.625
4578.55859375
4633.05078125
4686.0546875
4743.421875
4756.7109375
4757.36328125
4757.984375
4758.90234375
4759.6796875
4760.046875
4760.046875
4760.046875
4760.046875
4760.046875
4760.046875
4760.046875
4760.046875
4760.046875
4760.046875
4760.046875
4760.046875
4760.046875
4760.046875
4760.046875
4760.046875
4760.046875
4760.046875
4760.046875
4760.046875
4760.046875
4760.046875
4760.046875
4760.046875
4760.046875
4760.046875
4760.046875
4760.046875
4760.046875
4760.046875
4760.046875
4760.046875
4760.046875
4760.046875
4760.046875
4760.046875
4760.046875
4760.046875
4760.046875
4760.046875
4760.046875
4760.046875
4760.046875
4760.046875
4760.046875
4760.046875
4760.046875
4760.046875
4760.046875
4760.046875
4760.046875
4760.046875
4760.046875
4760.046875
4760.02734375
4760.02734375
4760.02734375
4760.02734375
4760.02734375
4760.02734375
4760.02734375
4760.02734375
4760.02734375
4760.02734375
4760.02734375
4760.02734375
4760.02734375
4760.02734375
4760.02734375
4760.02734375
4760.02734375
4760.02734375
4760.02734375
4760.02734375
4760.02734375
4760.02734375
4760.02734375
4760.02734375
4760.02734375
4760.02734375
4760.02734375
4760.02734375
4760.02734375
4760.02734375
4760.02734375
4760.02734375
4760.02734375
4760.02734375
4760.02734375
4760.02734375
4760.02734375
4760.02734375
4760.02734375
4760.02734375
4760.02734375
4760.02734375
4760.02734375
4760.02734375
4760.02734375
4760.02734375
4760.02734375
4760.02734375
4760.02734375
4760.02734375
4760.02734375
4760.02734375
4760.02734375
4760.02734375
4760.02734375
4760.02734375
4760.02734375
4760.02734375
4760.02734375
4760.02734375
4760.02734375
4760.02734375
4760.02734375
4760.02734375
4760.02734375
4760.02734375
4760.02734375
4760.02734375
4760.02734375
4760.02734375
4760.02734375
4760.02734375
4760.02734375
4760.02734375
4760.02734375
4760.02734375
4760.02734375
4760.02734375
4760.02734375
4760.02734375
4760.02734375
4760.02734375
4760.02734375
4760.02734375
4760.02734375
4760.02734375
4760.02734375
4760.02734375
4760.02734375
4760.02734375
4760.02734375
4760.02734375
4760.02734375
4760.02734375
4760.02734375
4760.02734375
4760.02734375
4760.02734375
4760.02734375
4760.02734375
4760.02734375
4680.59375
4386.59765625
3764.34375
3943.31640625
3997.1796875
3997.1796875
3997.1796875
3997.1796875
3997.1796875
3997.1796875
3997.1796875
3997.1796875
3997.1796875
3997.1796875
3997.1796875
3997.1796875
3997.1796875
3997.1796875
3997.1796875
3997.1796875
3997.1796875
3997.1796875
3997.1796875
3997.1796875
3997.1796875
3997.1796875
3997.1796875
3997.1796875
3997.1796875
3997.1796875
3997.1796875
3997.1796875
3997.1796875
3997.1796875
3997.1796875
3997.1796875
3997.1796875
3997.1796875
3997.1796875
3997.1796875
3997.1796875
3997.1796875
3997.1796875
3785.453125
3790.21875
3796.17578125
3802.2890625
3806.015625
3810.515625
3815.94140625
3821.42578125
3826.13671875
3831.375
3836.18359375
3840.9296875
3847.796875
3854.55859375
3860.34375
3866.078125
3871.5234375
3876.578125
3882.34375
3888.43359375
3894.390625
3901.09375
3904.140625
3906.90234375
3907.66796875
3908.34375
3911.7109375
3916.27734375
3920.08984375
3923.828125
3927.63671875
3931.20703125
3934.74609375
3940.60546875
3945.859375
3950.46484375
3955.64453125
3960.80859375
3965.89453125
3971.96484375
3978.3046875
3984.40234375
3990.42578125
3996.1328125
4001.71875
4006.50390625
4012.4921875
4015.6640625
4019.33203125
4025.77734375
4032.5390625
4038.84375
4045.515625
4051.640625
4058.44921875
4064.8046875
4071.1640625
4078.3125
4085.47265625
4092.75
4100.2265625
4098.921875
3969.01171875
3931.9375
4008.1484375
3961.7109375
3961.74609375
3961.78125
3961.81640625
3833.8359375
3491.921875
2748.8671875
