3224.8046875
3224.875
3250.66796875
3250.66796875
3250.66796875
3250.66796875
3250.66796875
3250.66796875
3250.66796875
3250.66796875
3250.66796875
3250.66796875
3250.6953125
3250.734375
3250.75390625
3263.6484375
3266.8046875
3266.83984375
3266.91796875
3267.015625
3267.12890625
3267.12890625
3267.12890625
3267.12890625
3267.12890625
3267.12890625
3267.12890625
3267.12890625
3267.12890625
3267.12890625
3267.12890625
3267.12890625
3267.12890625
3267.12890625
3267.12890625
3267.12890625
3267.12890625
3267.12890625
3267.12890625
3267.12890625
3200.15234375
3200.53515625
3199.38671875
3198.2734375
3197.12109375
3197.3046875
3197.6484375
3196.27734375
3197.18359375
3195.20703125
3196.03515625
3184.87890625
3184.8828125
3184.8828125
3184.8828125
3184.8828125
3183.0625
3183.41796875
3184.3125
3185.27734375
3178.28515625
3178.9765625
3179.6875
3180.296875
3160.75390625
3161.4765625
3162.18359375
3162.8828125
3163.578125
3164.265625
3164.94921875
3165.64453125
3166.3125
3160.4453125
3161.12109375
3161.83203125
3162.52734375
3156.76171875
3157.71875
3158.77734375
3159.80078125
3160.83984375
3161.8671875
3162.91796875
3163.96484375
3164.98828125
3165.953125
3125.96484375
3126.2734375
3126.5
3126.78125
3122.7109375
3123.04296875
3123.37109375
3123.71484375
3124.05859375
3124.40625
3124.7578125
3125.11328125
3125.47265625
3125.81640625
3126.16796875
3126.51171875
3126.86328125
3122.62890625
3124.21875
3124.5546875
3124.91015625
3125.26171875
3125.61328125
3125.94140625
3126.27734375
3126.609375
3126.9765625
3127.328125
3127.671875
3127.984375
3128.3203125
3128.63671875
3128.984375
3129.32421875
3129.6640625
3130.015625
3130.35546875
3130.6796875
3131.125
3131.453125
3131.80078125
3132.15234375
3132.5078125
3132.6953125
3133.02734375
3123.9921875
3124.32421875
3124.67578125
3125.03125
3125.34765625
3125.70703125
3126.05078125
3126.3984375
3126.74609375
3127.09375
3127.44140625
3127.765625
3128.109375
3128.984375
3130.02734375
3131.0703125
3131.99609375
3132.97265625
3133.98828125
3135.0234375
3136.04296875
3137.09375
3138.0703125
3139.0390625
3140.0
3140.96875
3141.95703125
3142.96484375
3143.9765625
3145.0078125
3146.01171875
3147.046875
3148.04296875
3149.06640625
3150.08203125
3151.1171875
3152.1328125
3153.109375
3154.1015625
3155.03125
3156.0078125
3157.0703125
3158.08984375
3159.03125
3160.0859375
3161.08984375
3162.078125
3163.06640625
3164.04296875
3165.0390625
3166.04296875
3167.05859375
3168.0625
3169.046875
3170.00390625
3170.9765625
3171.93359375
3172.953125
3174.0546875
3175.1328125
3176.21484375
3177.26953125
3178.3203125
3179.30859375
3180.375
3181.41015625
3182.44921875
3183.50390625
3184.5625
3185.56640625
3186.56640625
3187.62109375
3188.76171875
3189.85546875
3190.953125
3192.01953125
3193.12109375
3194.19921875
3195.3046875
3196.3515625
3197.4765625
3198.5625
3199.65234375
3200.69921875
3201.81640625
3202.84375
3203.875
3204.90625
3205.9765625
3207.0703125
3208.125
3209.1875
3210.27734375
3211.33984375
3212.37109375
3213.453125
3283.6796875
3294.65625
3295.78125
3296.83203125
3297.8828125
3298.875
3299.890625
3300.9765625
3302.0703125
3303.1484375
3304.19140625
3305.2109375
3306.27734375
3307.328125
3308.40234375
3309.49609375
3310.58984375
3311.56640625
3312.58203125
3313.56640625
3314.66015625
3315.75
3316.87890625
3317.9453125
3319.0390625
3320.12890625
3321.234375
3322.2890625
3323.32421875
3324.40234375
3212.19140625
3213.05078125
3213.8359375
3214.62890625
3215.6875
3216.7109375
3217.69921875
3218.765625
3219.83203125
3220.83984375
3221.7734375
3222.7578125
3223.77734375
3224.6875
3225.7734375
3261.296875
3306.609375
3322.6171875
3397.23828125
3451.10546875
3451.10546875
3451.10546875
3451.10546875
3451.10546875
3451.10546875
3451.10546875
3451.10546875
3451.10546875
3451.10546875
3451.10546875
3451.10546875
3459.65625
3469.6171875
3479.08984375
3488.4609375
3497.30078125
3505.8203125
3514.50390625
3522.82421875
3528.2109375
3458.17578125
3529.20703125
3558.8984375
3558.9453125
3558.9921875
3559.00390625
3559.00390625
3559.00390625
3559.00390625
3559.00390625
3483.33984375
3488.8203125
3517.21875
3544.55859375
3545.1328125
3545.1328125
3545.1328125
3545.1328125
3545.1328125
3545.1328125
3545.1328125
3545.1328125
3545.1328125
3545.1328125
3545.1328125
3545.1328125
3543.953125
3547.015625
3547.015625
3547.015625
3547.015625
3547.015625
3547.015625
3547.015625
3547.015625
3547.015625
3547.015625
3547.015625
3547.015625
3547.015625
3547.015625
3547.015625
3547.015625
3547.015625
3547.015625
3553.01953125
3553.01953125
3553.01953125
3553.01953125
3553.01953125
3553.01953125
3560.5390625
3563.91015625
3567.23828125
3570.6484375
3574.01953125
3577.39453125
3580.80078125
3584.19140625
3587.58984375
3590.9765625
3594.34765625
3597.71484375
3601.08984375
3604.40234375
3606.23046875
3645.2109375
3704.671875
3762.3203125
3608.10546875
3608.10546875
3608.10546875
3608.10546875
3608.10546875
3671.01171875
3762.31640625
3608.10546875
3622.48828125
3626.734375
3630.80078125
3633.87890625
3634.359375
3634.359375
3634.359375
3634.359375
3650.359375
3650.359375
3650.359375
3650.359375
3650.359375
3650.359375
3650.359375
3650.359375
3650.359375
3711.9140625
3815.6484375
3821.47265625
3821.47265625
3821.47265625
3821.47265625
3821.47265625
3821.47265625
3821.47265625
3821.47265625
3821.47265625
3821.47265625
3821.47265625
3821.47265625
3821.47265625
3672.91796875
3681.00390625
3689.26171875
3697.34375
3705.8125
3714.26171875
3722.67578125
3731.1015625
3739.0234375
3746.87109375
3754.8515625
3762.5234375
3769.921875
3776.94140625
3784.36328125
3791.26171875
3798.23828125
3804.640625
3615.68359375
3758.421875
3626.93359375
3752.84765625
3752.84765625
3832.6640625
3895.58984375
3895.58984375
3895.58984375
3895.58984375
3895.58984375
3895.58984375
3895.58984375
3757.57421875
3766.56640625
3775.51953125
3784.5
3793.84375
3802.62890625
3810.6796875
3818.765625
3828.48828125
3837.76953125
3847.359375
3856.7109375
3866.5
3875.921875
3885.79296875
3894.58984375
3753.234375
3604.859375
3604.453125
3603.1796875
3599.24609375
3599.25
3599.765625
3600.546875
3601.48046875
3598.5859375
3599.203125
3596.1328125
3597.1015625
3598.0390625
3598.9765625
3599.92578125
3600.76953125
3601.62109375
3584.15234375
3584.44140625
3584.76171875
3585.05859375
3585.37109375
3586.171875
3576.36328125
3577.12109375
3577.7734375
3578.39453125
3572.9765625
3573.27734375
3573.80078125
3574.359375
3574.9375
3575.4921875
3576.11328125
3576.734375
3573.10546875
3573.71875
3574.375
3574.984375
3575.6328125
3576.25390625
3576.8828125
3577.49609375
3572.78125
3573.7265625
3574.64453125
3575.55859375
3576.484375
3577.41015625
3575.12890625
3576.078125
3577.0625
3578.0390625
3579.00390625
3579.8828125
3580.6953125
3581.57421875
3582.5
3583.4140625
3584.3359375
3585.26953125
3586.19921875
3587.13671875
3588.09765625
3588.98828125
3589.90234375
3590.84765625
3591.71875
3592.65625
3593.54296875
3594.4765625
3595.40625
3596.33203125
3597.25
3598.18359375
3583.140625
3584.08203125
3584.921875
3585.87890625
3586.78125
3587.703125
3588.6015625
3589.45703125
3590.33984375
3591.21875
3592.15625
3593.1015625
3594.05078125
3594.953125
3595.875
3596.84375
3597.75390625
3598.68359375
3599.57421875
3600.546875
3601.48828125
3596.26171875
3597.15625
3598.109375
3598.94921875
3599.84375
3600.7109375
3599.859375
3600.80859375
3601.76171875
3602.66796875
3603.56640625
3604.40234375
3603.359375
3604.28125
3605.25
3606.16796875
3607.1171875
3607.9765625
3608.7265625
3609.61328125
3610.609375
3611.4921875
3612.46484375
3613.3359375
3614.1953125
3615.0625
3615.9296875
3616.87109375
3617.84765625
3618.7734375
3619.71875
3620.58984375
3621.47265625
3622.35546875
3623.27734375
3624.2265625
3625.16796875
3626.0703125
3626.9453125
3627.8125
3628.68359375
3629.5625
3630.53515625
3576.62109375
3577.58984375
3578.4765625
3579.42578125
3580.37890625
3581.2578125
3582.15625
3583.01953125
3583.92578125
3584.84375
3585.72265625
3586.671875
3587.5625
3588.43359375
3589.33984375
3590.0625
3590.78125
3591.5390625
3592.30078125
3593.09765625
3593.8984375
3594.734375
3595.58984375
3596.51953125
3597.37109375
3598.26953125
3599.1953125
3600.1015625
3601.0234375
3601.84375
3602.65625
3603.578125
3604.53515625
3605.4375
3606.33203125
3607.26953125
3608.23046875
3609.10546875
3610.03125
3610.91015625
3611.76953125
3612.72265625
3613.6640625
3614.62109375
3615.58984375
3616.57421875
3617.46484375
3618.390625
3619.33203125
3620.23828125
3621.1953125
3622.16015625
3623.1484375
3623.9921875
3624.8984375
3625.84375
3626.765625
3627.64453125
3628.59765625
3629.51171875
3630.25
3631.07421875
3631.8828125
3632.53515625
3633.3828125
3634.125
3634.89453125
3635.62890625
3636.40234375
3637.15234375
3637.97265625
3638.83203125
3639.71484375
3640.546875
3641.40234375
3642.296875
3643.2109375
3644.08203125
3644.95703125
3645.8046875
3646.71875
3647.5859375
3648.0078125
3648.72265625
3649.5625
3650.38671875
3651.20703125
3651.95703125
3652.8046875
3653.65625
3654.2578125
3655.109375
3655.9765625
3656.9296875
3657.890625
3658.8203125
3659.765625
3660.6953125
3661.66015625
3662.5703125
3663.51171875
3664.40625
3665.34375
3666.2265625
3667.16015625
3668.078125
3669.00390625
3669.88671875
3670.84765625
3671.78515625
3672.703125
3673.57421875
3674.44140625
3675.36328125
3676.3203125
3677.22265625
3678.171875
3679.05078125
3679.97265625
3680.88671875
3681.7890625
3682.73046875
3683.65625
3684.546875
3685.47265625
3686.38671875
3687.28515625
3688.19921875
3689.12890625
3690.0546875
3690.98046875
3691.91796875
3692.78515625
3693.69140625
3694.625
3695.52734375
3696.41015625
3697.33203125
3698.265625
3699.19921875
3700.12890625
3701.04296875
3701.9609375
3702.8671875
3703.8125
3704.7421875
3705.65625
3706.578125
3707.50390625
3708.390625
3709.3125
3710.23828125
3711.2109375
3712.12890625
3713.06640625
3713.97265625
3714.88671875
3715.81640625
3716.7421875
3717.65625
3718.59765625
3719.51171875
3720.41796875
3721.3671875
3722.30859375
3723.24609375
3724.15234375
3725.078125
3726.015625
3726.90625
3727.8515625
3728.7890625
3729.69921875
3730.64453125
3731.55859375
3732.4765625
3733.390625
3734.31640625
3735.19921875
3736.0859375
3737.00390625
3630.44921875
3631.375
3632.3046875
3633.2109375
3634.09375
3634.91796875
3635.83984375
3636.734375
3637.6796875
3638.5859375
3639.50390625
3640.38671875
3641.3125
3642.1796875
3643.1171875
3643.984375
3644.89453125
3645.80859375
3646.734375
3647.625
3648.5234375
3649.4140625
3650.32421875
3651.2265625
3652.109375
3652.9765625
3653.8984375
3654.796875
3655.7265625
3656.64453125
3657.53515625
3658.40234375
3659.28515625
3660.22265625
3661.17578125
3662.05078125
3662.97265625
3663.89453125
3664.796875
3665.63671875
3666.5625
3667.45703125
3668.36328125
3669.3046875
3670.23046875
3671.09375
3595.0625
3595.99609375
3596.94921875
3597.65625
3598.58203125
3599.5
3600.375
3601.26953125
3602.1875
3603.07421875
3603.99609375
3604.88671875
3605.80078125
3606.671875
3607.58203125
3608.4921875
3609.44140625
3610.3828125
3611.28125
3612.1640625
3613.125
3614.06640625
3615.0
3615.94921875
3616.86328125
3617.71484375
3618.66015625
3619.57421875
3620.46875
3621.38671875
3622.27734375
3623.1953125
3624.12109375
3625.046875
3625.97265625
3626.90625
3627.7578125
3628.671875
3629.5703125
3630.48046875
3631.36328125
3632.24609375
3633.14453125
3634.078125
3634.9296875
3635.75390625
3636.609375
3637.45703125
3638.33984375
3639.22265625
3640.125
3641.0390625
3641.92578125
3642.86328125
3643.75
3644.68359375
3645.59765625
3646.5625
3647.3671875
3648.3125
3649.22265625
3650.140625
3651.01953125
3651.93359375
3652.796875
3653.6875
3654.62109375
3655.57421875
3656.46484375
3657.359375
3658.26171875
3659.16796875
3660.08203125
3660.89453125
3661.8125
3662.7265625
3663.609375
3664.5234375
3665.42578125
3666.375
3667.2890625
3668.20703125
3669.12109375
3670.01171875
3670.921875
3671.859375
3672.796875
3673.7265625
3674.6171875
3675.54296875
3676.45703125
3677.3671875
3678.25390625
3679.16015625
3680.02734375
3680.91015625
3681.8359375
3682.76171875
3683.58984375
3684.27734375
3685.09375
3685.953125
3686.640625
3687.3203125
3687.93359375
3688.6328125
3689.3828125
3690.27734375
3691.14453125
3692.0390625
3692.875
3693.77734375
3694.70703125
3695.62109375
3696.546875
3697.453125
3698.30859375
3699.22265625
3700.08203125
3701.01171875
3701.8984375
3702.83984375
3703.75390625
3704.69140625
3705.58984375
3706.48046875
3707.36328125
3708.28515625
3709.19140625
3710.09765625
3710.9765625
3711.7734375
3712.31640625
3713.1328125
3713.91015625
3714.640625
3715.50390625
3716.38671875
3717.32421875
3718.24609375
3719.16796875
3720.04296875
3720.953125
3721.8828125
3722.82421875
3723.6796875
3724.59375
3725.453125
3726.359375
3727.26171875
3728.1875
3729.0703125
3729.984375
3730.8984375
3731.7578125
3732.6484375
3733.58984375
3734.46484375
3735.33984375
3736.21875
3737.12890625
3738.02734375
3738.94140625
3739.828125
3740.703125
3741.62109375
3742.546875
3743.41796875
3744.33203125
3745.22265625
3746.15234375
3747.04296875
3747.94921875
3748.87109375
3749.734375
3750.640625
3751.578125
3752.47265625
3753.37109375
3754.25
3755.15625
3756.02734375
3756.9296875
3757.8125
3758.7265625
3759.59765625
3760.55859375
3761.4375
3762.30859375
3763.1953125
3764.078125
3764.95703125
3765.83984375
3766.73828125
3767.609375
3768.421875
3768.984375
3766.32421875
3766.96875
3767.7421875
3768.65234375
3769.5703125
3770.53515625
3771.453125
3770.734375
3771.68359375
3772.625
3741.71875
3742.1640625
3742.953125
3743.8359375
3744.80078125
3745.76953125
3746.703125
3747.62890625
3748.5546875
3749.484375
3750.39453125
3751.3515625
3752.28125
3753.25390625
3754.203125
3755.05078125
3755.99609375
3756.921875
3757.89453125
3758.80078125
3759.71875
3760.6875
3761.61328125
3762.59375
3763.5078125
3764.484375
3765.421875
3766.39453125
3767.37109375
3767.91015625
3768.8359375
3769.7734375
3770.70703125
3771.60546875
3772.48828125
3773.40625
3774.33984375
3775.31640625
3776.265625
3777.20703125
3778.16015625
3779.11328125
3780.05078125
3781.01171875
3781.984375
3782.9140625
3783.8515625
3784.7421875
3785.6640625
3786.6015625
3787.55078125
3788.515625
3789.46484375
3790.4375
3791.38671875
3792.328125
3793.30078125
3794.25390625
3795.1796875
3796.1328125
3797.05859375
3798.01171875
3799.01953125
3799.99609375
3801.0078125
3801.96875
3802.94921875
3803.91796875
3804.875
3805.78515625
3806.78125
3807.6328125
3808.58984375
3809.5546875
3810.51953125
3811.4765625
3812.45703125
3813.41015625
3814.37890625
3815.296875
3816.25390625
3817.19921875
3818.16796875
3819.12890625
3820.11328125
3821.11328125
3822.0625
3822.98828125
3823.9375
3824.83203125
3825.7734375
3826.69921875
3827.63671875
3828.578125
3829.47265625
3830.453125
3831.36328125
3740.94140625
3741.83984375
3742.703125
3743.64453125
3744.53515625
3745.4375
3746.34765625
3747.234375
3748.11328125
3749.046875
3749.9609375
3750.88671875
3751.765625
3752.671875
3753.625
3754.55859375
3755.48046875
3756.3671875
3757.2734375
3758.2109375
3759.15625
3760.08984375
3760.4609375
3761.38671875
3762.2578125
3763.12890625
3764.06640625
3765.03515625
3765.94921875
3766.88671875
3760.25
3761.12109375
3762.02734375
3762.32421875
3763.24609375
3764.1328125
3765.05859375
3794.4765625
3872.3359375
3956.65234375
3956.65234375
3956.65234375
3956.65234375
3956.65234375
3956.65234375
3956.65234375
3956.65234375
3956.65234375
3956.65234375
3955.234375
3954.828125
3954.8046875
3954.8046875
3954.8046875
3954.8046875
3954.8046875
3954.8046875
3954.8046875
3954.8046875
3954.8046875
3954.8046875
3954.8046875
3954.8046875
3954.8046875
3953.58984375
3946.15625
3943.91796875
3943.91796875
3943.91796875
3942.9765625
3942.9765625
3942.9765625
3942.9765625
3942.9765625
3942.9765625
3942.9765625
3942.9765625
3942.98046875
3949.64453125
3956.4296875
3963.41796875
3969.984375
3976.93359375
3983.953125
3990.984375
3997.625
4004.69140625
4011.17578125
4017.2421875
4023.5390625
4029.53515625
4034.265625
4038.7421875
4041.58203125
4046.13671875
4051.0234375
4057.4375
4063.98828125
4070.80859375
4077.07421875
4083.90625
4090.5
4097.4765625
4104.0546875
4110.90625
4117.64453125
4124.70703125
4131.5234375
4138.3671875
4145.08984375
4152.20703125
4154.72265625
4154.72265625
3963.41796875
3878.4140625
4065.39453125
4252.6328125
4355.5390625
4355.59375
4355.6484375
4355.703125
4355.7578125
4355.80859375
4355.86328125
4355.91796875
4355.97265625
4356.0234375
4356.078125
4356.12890625
4356.18359375
4356.23828125
4356.29296875
4356.34765625
4356.40234375
4356.45703125
4356.4765625
4356.4765625
4356.4765625
4162.65625
4314.625
4401.5546875
4457.453125
4554.7734375
4566.484375
4566.484375
4566.484375
4566.484375
4566.484375
4674.00390625
4763.76953125
4825.71484375
4895.62109375
4915.3515625
4915.3515625
4915.3515625
4915.3515625
4915.3515625
4915.3515625
4915.3515625
4915.3515625
4915.3515625
4915.3515625
4915.3515625
4915.3515625
4915.3515625
4915.3515625
4915.3515625
4915.3515625
4915.3515625
4915.3515625
4915.3515625
4915.3515625
4915.3515625
4915.3515625
4915.3515625
4915.3515625
4497.5859375
4510.22265625
4522.84375
4535.859375
4548.19140625
4561.1171875
4573.34765625
4585.95703125
4598.33203125
4610.6875
4622.59375
4634.27734375
4646.390625
4659.0
4671.4140625
4684.06640625
4696.05859375
4708.8828125
4721.1796875
4733.54296875
4745.79296875
4758.33984375
4770.73046875
4783.46875
4795.13671875
4807.890625
4820.3828125
4833.19921875
4845.8359375
4858.0703125
4869.9609375
4882.28125
4894.1484375
4906.40625
4917.89453125
4930.19921875
4942.16015625
4951.63671875
4947.3046875
4953.296875
4953.87890625
4956.62890625
4959.7890625
4971.90625
4983.53515625
4995.5546875
5007.37109375
5019.7421875
5031.56640625
5043.671875
5055.74609375
5068.05078125
4651.5703125
4651.5703125
4439.69140625
4017.74609375
4018.48046875
4018.48046875
4018.31640625
4014.96484375
4075.66796875
4044.49609375
4187.453125
4082.5859375
4140.43359375
4196.109375
4245.25390625
4139.97265625
4264.20703125
4264.20703125
4264.20703125
4264.20703125
4264.20703125
4264.20703125
4124.91796875
4136.5625
4148.66015625
4160.2734375
4171.40625
4180.953125
4192.80078125
4204.68359375
4216.0
4227.39453125
4239.25
4251.015625
4267.02734375
4267.43359375
4267.8125
4318.07421875
4375.43359375
4375.734375
4375.734375
4375.734375
4375.734375
4375.734375
4375.734375
4375.734375
4375.734375
4375.734375
4375.734375
4375.734375
4375.734375
4375.734375
4375.734375
4375.734375
4375.734375
4375.734375
4375.734375
4375.734375
4375.734375
4375.734375
4375.734375
4375.734375
4375.734375
4375.734375
4375.734375
4375.734375
4375.734375
4375.734375
4375.734375
4375.734375
4375.7421875
4229.015625
4404.23828125
4577.90625
4590.9609375
4590.9609375
4590.9609375
4590.9609375
4590.9609375
4590.9609375
4590.9609375
4590.9609375
4590.9609375
4590.9609375
4590.9609375
4590.9609375
4590.9609375
4590.9609375
4590.9609375
4590.9609375
4590.9609375
4590.9609375
4590.9609375
4590.9609375
4590.9609375
4590.9609375
4590.9609375
4590.9609375
4590.9609375
4590.9609375
4168.92578125
4179.8359375
4190.81640625
4201.8984375
4213.73828125
4224.984375
4236.8125
4247.77734375
4259.1953125
4271.4453125
4283.6015625
4295.63671875
4307.90625
4320.0625
4332.484375
4343.1015625
4351.01171875
4361.51171875
4373.16796875
4384.79296875
4395.703125
4407.26171875
4419.38671875
4431.5078125
4443.296875
4455.359375
4465.58203125
4475.76953125
4484.9765625
4494.796875
4505.88671875
4516.99609375
4528.5625
4539.76171875
4551.09375
4563.08203125
4575.140625
4587.3515625
4599.05859375
4610.87109375
4621.99609375
4633.2578125
4643.86328125
4654.90234375
4662.1328125
4668.4609375
4676.06640625
4685.171875
4694.9765625
4705.85546875
4716.3046875
4727.13671875
4738.046875
4747.0078125
4756.09375
4766.11328125
4776.82421875
4788.578125
4799.7890625
4799.82421875
4799.82421875
4459.9453125
4202.84375
4316.25390625
4202.4296875
4240.9296875
4283.3671875
4302.88671875
4247.80859375
4318.2421875
4318.2421875
4318.2421875
4318.2421875
4318.2421875
4178.7421875
4190.4609375
4202.1640625
4214.23828125
4226.0546875
4237.9140625
4249.12890625
4260.82421875
4272.1953125
4284.01171875
4295.51953125
4307.3359375
4317.515625
4378.08984375
4385.32421875
4385.32421875
4385.32421875
4385.32421875
4385.32421875
4385.32421875
4385.32421875
4385.32421875
4385.32421875
4385.32421875
4385.32421875
4385.32421875
4385.32421875
4385.32421875
4385.32421875
4385.32421875
4385.32421875
4385.32421875
4385.32421875
4385.32421875
4385.32421875
4385.32421875
4385.32421875
4385.32421875
4385.32421875
4385.32421875
4385.32421875
4385.32421875
4152.41796875
4316.578125
4498.46484375
4590.7265625
4590.7265625
4590.7265625
4590.7265625
4590.7265625
4590.7265625
4590.7265625
4590.7265625
4590.7265625
4590.7265625
4590.7265625
4590.7265625
4590.7265625
4590.7265625
4590.7265625
4590.7265625
4590.7265625
4590.7265625
4590.7265625
4590.7265625
4590.7265625
4590.7265625
4590.7265625
4590.7265625
4167.22265625
4179.421875
4191.3984375
4203.48046875
4215.5390625
4227.7265625
4239.2265625
4251.234375
4262.96875
4274.93359375
4286.79296875
4298.79296875
4310.37890625
4322.23046875
4334.02734375
4346.14453125
4357.46875
4369.6640625
4381.65625
4393.85546875
4405.32421875
4416.66015625
4428.51953125
4440.4140625
4451.921875
4463.91015625
4475.359375
4487.51953125
4499.23046875
4511.48828125
4523.625
4535.59375
4547.3203125
4559.53515625
4571.234375
4582.6796875
4594.0078125
4606.1484375
4617.80859375
4629.890625
4641.1640625
4652.8828125
4664.27734375
4675.2109375
4686.47265625
4697.72265625
4708.59765625
4719.75
4730.58984375
4742.08984375
4753.8671875
4765.80859375
4777.41796875
4789.5234375
4801.38671875
4799.58203125
4799.58203125
4210.92578125
4177.609375
4218.05859375
4130.03125
4183.296875
4236.91015625
4291.109375
4216.63671875
4287.94921875
4324.93359375
4324.93359375
4324.93359375
4324.93359375
4324.93359375
4183.4453125
4198.015625
4213.375
4228.890625
4244.73828125
4260.58984375
4276.73046875
4292.28125
4308.265625
4322.921875
4338.75
4354.50390625
4370.328125
4386.05078125
4382.1640625
4449.0
4449.4921875
4449.4921875
4449.4921875
4449.4921875
4449.4921875
4449.4921875
4449.4921875
4449.4921875
4449.4921875
4449.4921875
4449.4921875
4449.4921875
4449.4921875
4449.4921875
4449.4921875
4449.4921875
4449.4921875
4449.4921875
4449.4921875
4449.4921875
4449.4921875
4449.4921875
4449.4921875
4449.4921875
4449.4921875
4449.4921875
4449.4921875
4449.4921875
4449.4921875
4278.16796875
4243.12890625
4416.92578125
4556.75390625
4556.75390625
4556.75390625
4556.75390625
4556.75390625
4556.75390625
4556.75390625
4556.75390625
4556.75390625
4556.75390625
4556.75390625
4556.75390625
4556.75390625
4556.75390625
4556.75390625
4556.75390625
4556.75390625
4556.75390625
4556.75390625
4556.75390625
4556.75390625
4556.75390625
4556.75390625
4556.75390625
4556.75390625
4556.75390625
4138.33984375
4150.26171875
4162.04296875
4173.99609375
4185.71875
4197.53125
4209.09375
4221.09375
4232.80859375
4244.5234375
4255.83203125
4267.66796875
4278.9609375
4290.56640625
4301.89453125
4312.83203125
4322.21484375
4332.3828125
4343.8125
4355.34375
4366.0546875
4377.8125
4389.23828125
4401.234375
4412.77734375
4424.546875
4436.21484375
4448.015625
4459.5078125
4471.20703125
4481.94140625
4493.68359375
4505.34375
4517.546875
4528.890625
4540.8515625
4552.6875
4564.71484375
4576.4296875
4588.29296875
4600.30078125
4612.39453125
4623.765625
4635.5625
4646.78125
4658.47265625
4670.015625
4681.86328125
4693.43359375
4704.70703125
4715.9765625
4726.9453125
4737.6953125
4747.80859375
4759.01171875
4768.55078125
4766.40234375
4766.40234375
4766.40234375
4302.3359375
4261.51171875
4089.1875
4154.03515625
4154.203125
4153.69140625
4204.94140625
4252.90625
4257.125
4380.4609375
4421.20703125
4421.20703125
4421.20703125
4421.20703125
4421.20703125
4327.171875
4287.3984375
4298.453125
4309.421875
4320.36328125
4331.19921875
4342.25
4353.234375
4364.19921875
4375.08203125
4386.171875
4396.37109375
4403.90625
4413.96875
4367.84375
4466.9296875
4470.390625
4470.390625
4470.390625
4470.390625
4470.390625
4470.390625
4470.390625
4470.390625
4470.390625
4470.390625
4470.390625
4470.390625
4470.390625
4470.390625
4470.390625
4470.390625
4470.390625
4470.390625
4470.390625
4470.390625
4470.390625
4470.390625
4470.390625
4470.390625
4470.390625
4470.390625
4470.390625
4186.4453125
4358.33203125
4517.9453125
4616.1015625
4616.1015625
4616.1015625
4616.1015625
4616.1015625
4616.1015625
4616.1015625
4616.1015625
4616.1015625
4616.1015625
4616.1015625
4616.1015625
4616.1015625
4616.1015625
4616.1015625
4616.1015625
4616.1015625
4616.1015625
4616.1015625
4616.1015625
4616.1015625
4616.1015625
4616.1015625
4616.1015625
4616.1015625
4616.1015625
4616.1015625
4198.1328125
4210.00390625
4221.28515625
4233.015625
4244.3984375
4256.171875
4267.91796875
4279.40234375
4290.2265625
4301.16015625
4311.96875
4322.98046875
4334.3359375
4345.66796875
4356.828125
4368.42578125
4379.9140625
4391.64453125
4402.49609375
4413.83984375
4425.46484375
4436.85546875
4448.0703125
4459.9140625
4471.42578125
4482.75390625
4494.01953125
4504.00390625
4515.05078125
4526.44140625
4537.85546875
4549.00390625
4560.1484375
4570.8671875
4581.59375
4592.828125
4604.55078125
4616.0234375
4627.66796875
4638.98828125
4650.33203125
4661.15234375
4672.3515625
4683.51171875
4694.68359375
4703.17578125
4711.66015625
4720.56640625
4730.890625
4741.765625
4752.3125
4761.62890625
4771.4921875
4782.58203125
4794.49609375
4805.20703125
4816.3515625
4826.6640625
4825.07421875
4825.07421875
4761.6171875
4219.328125
4336.60546875
4210.984375
4223.40234375
4312.125
4219.94921875
4219.94921875
4247.94921875
4356.26953125
4373.73046875
4373.73046875
4373.73046875
4373.73046875
4373.73046875
4373.73046875
4373.73046875
4238.05859375
4245.85546875
4255.2265625
4266.41796875
4276.41015625
4285.1953125
4294.60546875
4304.078125
4313.4765625
4323.46484375
4334.09375
4345.43359375
4353.3046875
4363.93359375
4373.1015625
4398.70703125
4459.8671875
4460.2109375
4460.2109375
4460.2109375
4460.2109375
4460.2109375
4460.2109375
4460.2109375
4460.2109375
4460.2109375
4460.2109375
4460.2109375
4460.2109375
4460.2109375
4460.2109375
4460.2109375
4460.2109375
4460.2109375
4460.2109375
4460.2109375
4460.2109375
4460.2109375
4460.2109375
4460.2109375
4460.2109375
4460.2109375
4460.2109375
4460.2109375
4460.2109375
4460.2109375
4460.2109375
4460.2109375
4349.2109375
4312.171875
4496.625
4626.703125
4626.703125
4626.703125
4626.703125
4626.703125
4626.703125
4626.703125
4626.703125
4626.703125
4626.703125
4626.703125
4626.703125
4626.703125
4626.703125
4626.703125
4626.703125
4626.703125
4626.703125
4626.703125
4626.703125
4626.703125
4626.703125
4626.703125
4626.703125
4626.703125
4626.703125
4626.703125
4626.703125
4205.90625
4216.32421875
4223.06640625
4234.5703125
4246.81640625
4259.87890625
4272.765625
4284.6796875
4296.9609375
4308.75390625
4318.859375
4327.13671875
4333.59765625
4342.89453125
4355.68359375
4368.890625
4381.44140625
4392.4453125
4401.9296875
4411.7265625
4419.83203125
4426.03125
4431.64453125
4434.5859375
4404.4140625
4260.43359375
4195.65625
4153.11328125
4153.69921875
4160.8671875
4168.80078125
4178.77734375
4189.4921875
4124.51953125
4056.31640625
3997.00390625
3917.3125
3803.62109375
3703.30859375
3603.421875
3526.203125
3521.69921875
3504.7265625
3493.18359375
3494.79296875
3495.7890625
3496.4375
3481.47265625
3461.88671875
3439.8046875
3443.67578125
3450.5625
3455.6875
3465.56640625
3472.515625
3470.1953125
3456.8515625
3453.23828125
3455.37890625
3429.94921875
3201.27734375
3166.9453125
3119.1796875
3109.20703125
3119.16015625
3128.65625
3134.171875
3142.3515625
3125.31640625
3117.109375
3113.90625
3114.73828125
3108.1484375
3106.62109375
3064.79296875
3075.40625
3067.83984375
3075.55859375
3081.2734375
3090.54296875
3102.78515625
3112.88671875
3122.7421875
3116.875
3113.0078125
3125.87109375
3120.22265625
3106.453125
3156.640625
3203.9765625
3248.9140625
3273.70703125
3276.45703125
3277.03515625
3301.0078125
3317.640625
3337.9296875
3342.0703125
2714.55078125
2786.0234375
2844.05078125
2884.09375
2923.6328125
2957.44921875
2957.53125
2957.92578125
2465.78515625
2167.109375
