3476.1953125
3476.203125
3476.203125
3476.19921875
3476.203125
3476.203125
3476.203125
3476.203125
3476.203125
3476.203125
3476.203125
3476.203125
3477.234375
3461.37109375
3461.37109375
3461.37109375
3369.85546875
3354.3125
3359.0390625
3360.13671875
3358.95703125
3355.84765625
3355.58984375
3353.0390625
3354.04296875
3343.14453125
3332.39453125
3332.07421875
3332.6640625
3333.12890625
3334.08203125
3335.43359375
3336.7578125
3338.1171875
3324.28515625
3313.2734375
3313.734375
3314.15625
3354.36328125
3329.515625
3329.96875
3330.40625
3330.828125
3331.28125
3331.72265625
3332.171875
3322.43359375
3322.86328125
3323.3203125
3323.77734375
3324.234375
3324.94140625
3325.8046875
3307.44140625
3308.35546875
3309.59765625
3310.71484375
3311.765625
3312.89453125
3314.02734375
3292.0546875
3293.1171875
3294.16796875
3334.2578125
3340.69140625
3372.0390625
3372.0390625
3375.0390625
3387.0
3404.765625
3407.80859375
3381.79296875
3381.79296875
3381.94140625
3382.83203125
3382.83203125
3384.01953125
3384.01953125
3384.01953125
3384.01953125
3384.01953125
3386.39453125
3386.39453125
3386.39453125
3386.39453125
3386.39453125
3386.39453125
3386.39453125
3386.39453125
3386.39453125
3386.39453125
3386.39453125
3390.9375
3390.9375
3390.9375
3390.9375
3395.5859375
3395.5859375
3395.5859375
3395.5859375
3395.5859375
3395.5859375
3395.5859375
3395.5859375
3395.5859375
3429.49609375
3435.62890625
3435.62890625
3435.62890625
3438.7421875
3451.98046875
3451.98046875
3451.98046875
3451.98046875
3451.98046875
3467.98046875
3467.98046875
3467.98046875
3467.98046875
3467.98046875
3467.98046875
3517.71875
3517.71875
3517.71875
3517.71875
3517.71875
3517.71875
3379.46484375
3380.63671875
3388.41015625
3395.42578125
3380.84765625
3379.984375
3377.5390625
3375.9375
3376.56640625
3376.9375
3377.44921875
3373.45703125
3373.8125
3372.15625
3372.16015625
3372.16015625
3372.16015625
3372.16015625
3372.66796875
3373.66796875
3374.7109375
3375.75
3376.76953125
3377.79296875
3378.75390625
3379.796875
3380.82421875
3358.6328125
3359.3203125
3359.9609375
3360.63671875
3361.33203125
3362.015625
3362.6875
3363.34765625
3364.0390625
3364.73046875
3365.4296875
3366.12109375
3366.7734375
3367.453125
3342.828125
3342.828125
3342.828125
3342.828125
3342.83203125
3342.83203125
3342.83203125
3342.83203125
3342.83203125
3342.83203125
3334.1875
3334.1875
3334.1875
3334.19140625
3334.19140625
3334.19140625
3334.19140625
3334.19140625
3334.19140625
3334.19140625
3334.19140625
3334.19140625
3334.35546875
3335.01171875
3335.6796875
3336.36328125
3337.0625
3337.73046875
3338.40234375
3339.0859375
3339.77734375
3340.45703125
3341.12109375
3341.76171875
3308.45703125
3309.46875
3310.515625
3311.26953125
3311.921875
3312.60546875
3313.2890625
3313.9609375
3314.6328125
3315.296875
3315.984375
3316.640625
3317.31640625
3317.98046875
3318.6484375
3319.33203125
3320.03125
3320.69140625
3321.33984375
3322.02734375
3322.703125
3323.37890625
3324.05078125
3324.65625
3325.3125
3325.98828125
3326.66015625
3327.328125
3327.984375
3328.66015625
3329.32421875
3330.015625
3330.68359375
3331.33203125
3332.00390625
3332.67578125
3286.4609375
3287.13671875
3287.796875
3288.4921875
3289.17578125
3289.875
3290.55859375
3291.203125
3291.15234375
3291.8125
3292.51953125
3293.1796875
3293.8671875
3294.890625
3295.92578125
3296.95703125
3297.98046875
3298.94140625
3299.94921875
3300.93359375
3301.94921875
3302.9140625
3303.91796875
3304.94140625
3305.9609375
3306.953125
3308.0078125
3308.984375
3310.0
3311.0234375
3312.06640625
3313.08203125
3314.078125
3315.0859375
3316.1171875
3317.12890625
3318.140625
3319.08984375
3320.05859375
3321.0703125
3322.09765625
3323.08203125
3324.046875
3325.06640625
3326.0703125
3327.04296875
3328.03125
3328.96875
3330.0078125
3331.02734375
3332.0390625
3333.0703125
3334.03125
3335.0625
3336.08203125
3337.08984375
3338.109375
3339.078125
3340.06640625
3341.0703125
3342.078125
3343.0546875
3343.9765625
3344.984375
3345.98046875
3346.91796875
3347.85546875
3348.78125
3349.7421875
3350.35546875
3351.01953125
3351.8984375
3352.8515625
3353.84375
3354.8125
3355.7265625
3356.3984375
3357.3046875
3358.26953125
3359.21875
3360.171875
3361.12109375
3362.07421875
3363.0625
3364.05859375
3365.08984375
3365.91796875
3362.04296875
3362.34765625
3303.953125
3302.75390625
3301.703125
3300.64453125
3299.45703125
3298.17578125
3292.67578125
3293.6171875
3294.6015625
3290.55859375
3248.11328125
3249.04296875
3249.97265625
3250.890625
3251.890625
3252.8984375
3253.8515625
3254.79296875
3255.76953125
3256.76953125
3257.515625
3258.41796875
3259.36328125
3260.3046875
3261.2734375
3262.2578125
3263.25
3264.1953125
3265.08984375
3266.07421875
3267.05078125
3267.92578125
3268.88671875
3269.90234375
3270.9140625
3271.21875
3272.1796875
3264.35546875
3265.0625
3266.01171875
3266.96484375
3267.8203125
3268.73046875
3269.69921875
3270.6875
3271.68359375
3272.625
3273.37109375
3274.37109375
3275.3671875
3276.34765625
3277.30859375
3278.26171875
3279.25390625
3279.9765625
3280.96484375
3281.9375
3282.87890625
3283.87890625
3284.8828125
3285.84375
3286.7734375
3287.703125
3288.66015625
3289.50390625
3288.77734375
3289.671875
3290.6640625
3291.6640625
3292.69140625
3293.640625
3294.15625
3295.1328125
3296.16015625
3297.1796875
3296.76953125
3297.75
3298.75
3358.140625
3428.28125
3428.28125
3428.28125
3428.28125
3428.28125
3428.28125
3428.28125
3428.28125
3428.28125
3428.28125
3428.28125
3428.28125
3431.43359375
3439.21875
3447.35546875
3455.16015625
3463.296875
3471.1015625
3477.26953125
3477.359375
3477.28515625
3476.21484375
3477.77734375
3477.1953125
3349.46875
3540.80859375
3552.734375
3552.890625
3553.05078125
3553.20703125
3553.3671875
3553.51953125
3553.67578125
3556.1328125
3550.84375
3369.0625
3279.94140625
3279.94140625
3300.93359375
3414.00390625
3414.00390625
3414.00390625
3241.41796875
3260.328125
3279.921875
3299.71484375
3318.796875
3337.30078125
3356.703125
3375.9453125
3394.8515625
3413.734375
3428.47265625
3447.8828125
3466.0
3483.640625
3319.171875
3168.5390625
3111.8046875
3121.97265625
3139.640625
3159.7890625
3159.9921875
3159.9921875
3159.9921875
3159.9921875
3159.9921875
3159.9921875
3159.9921875
3159.9921875
3186.32421875
3323.125
3323.86328125
3324.65625
3149.87109375
3169.0
3188.2578125
3206.63671875
3225.69140625
3242.55078125
3255.19921875
3268.1484375
3282.1328125
3301.0546875
3320.23046875
3339.0625
3358.10546875
3376.72265625
3396.0625
3411.64453125
3219.98046875
3233.66796875
3156.15234375
3174.98046875
3187.33203125
3187.33203125
3187.33203125
3187.33203125
3187.33203125
3187.33203125
3187.33203125
3256.3046875
3346.75
3346.75
3346.75
3177.25390625
3196.2890625
3215.75390625
3234.23046875
3253.296875
3267.3125
3280.15625
3293.0703125
3308.984375
3327.9375
3347.0625
3366.27734375
3385.25
3403.296875
3421.04296875
3433.421875
3230.03515625
3154.2734375
3164.8515625
3183.66015625
3187.03515625
3187.03515625
3187.03515625
3187.03515625
3187.03515625
3214.88671875
3347.12109375
3347.12109375
3347.12109375
3168.6484375
3187.44140625
3206.76953125
3225.328125
3244.1875
3260.73046875
3273.140625
3286.1875
3300.66796875
3319.26953125
3338.5703125
3357.48046875
3376.4296875
3395.015625
3414.23828125
3433.1640625
3228.73046875
3147.75390625
3159.0703125
3176.1953125
3188.7734375
3188.7734375
3188.7734375
3188.7734375
3188.7734375
3188.7734375
3241.91015625
3352.671875
3352.671875
3352.671875
3177.19921875
3195.15234375
3213.55078125
3232.05078125
3251.22265625
3266.0390625
3278.671875
3291.67578125
3307.2890625
3326.515625
3345.4921875
3364.60546875
3382.06640625
3400.3828125
3419.75
3438.45703125
3444.09375
3249.453125
3261.4375
3277.71875
3205.83984375
3205.93359375
3205.93359375
3205.93359375
3205.93359375
3205.93359375
3205.93359375
3180.9375
3334.1640625
3355.7578125
3356.51953125
3357.3203125
3191.5390625
3211.00390625
3230.1796875
3248.046875
3266.15625
3279.60546875
3292.8828125
3305.94921875
3324.92578125
3344.07421875
3363.28125
3382.65234375
3401.43359375
3420.18359375
3439.65234375
3444.2734375
3281.83984375
3339.41796875
3398.07421875
3398.3828125
3213.98828125
3116.28125
