1511.7421875
1511.80859375
1548.74609375
1583.296875
1585.78125
1587.5234375
1588.7421875
1620.02734375
1651.15234375
1679.8046875
1713.0703125
1746.95703125
1777.91796875
1810.5
1843.0703125
1873.4765625
1907.6796875
1945.29296875
1979.96875
1983.1796875
1997.37109375
2038.609375
2081.68359375
2126.45703125
2169.56640625
2211.28125
2255.1875
2287.91015625
2292.125
2292.125
2226.21875
2224.640625
2222.46875
2224.30859375
2225.3515625
2223.3984375
2224.0390625
2218.4765625
2219.09375
2219.640625
2220.2734375
2220.87890625
2221.51953125
2222.12890625
2222.75
2223.6484375
2224.57421875
2208.4375
2208.7734375
2207.15625
2208.12890625
2209.1015625
2210.06640625
2203.5859375
2192.59765625
2193.2578125
2193.9140625
2194.671875
2195.46484375
2196.16015625
2196.9140625
2197.69921875
2198.53515625
2199.3125
2200.1953125
2185.54296875
2186.8671875
2187.765625
2188.41796875
2189.046875
2189.66796875
2190.453125
2191.375
2192.33984375
2193.3046875
2194.2734375
2195.25
2196.2578125
2197.265625
2198.234375
2194.40234375
2195.32421875
2196.15234375
2197.015625
2197.8515625
2198.71875
2141.18359375
2141.4765625
2141.7734375
2142.09375
2142.40625
2142.7109375
2143.03515625
2143.3515625
2143.65234375
2143.96875
2144.2890625
2144.60546875
2139.34765625
2147.5234375
2144.90234375
2145.17578125
2145.6171875
2146.03515625
2146.44921875
2146.9453125
2147.4375
2147.88671875
2148.3359375
2148.8046875
2149.3828125
2149.90625
2150.484375
2151.0390625
2151.55078125
2152.05078125
2152.609375
2153.16796875
2153.73046875
2154.328125
2154.80859375
2155.24609375
2155.94140625
2156.484375
2156.8515625
2157.12890625
2157.41796875
2157.70703125
2158.015625
2158.32421875
2158.6171875
2158.76953125
2159.0703125
2159.37109375
2159.6640625
2159.9921875
2160.328125
2160.64453125
2160.96875
2161.2890625
2161.59375
2161.90234375
2162.27734375
2162.58203125
2163.3125
2164.41015625
2165.53515625
2166.55859375
2167.39453125
2168.19921875
2169.1328125
2154.8203125
2155.859375
2156.94921875
2158.015625
2159.22265625
2160.22265625
2161.25
2162.26171875
2163.046875
2164.02734375
2165.0
2121.0703125
2122.20703125
2123.35546875
2124.74609375
2126.2265625
2122.984375
2124.8359375
2126.1171875
2127.453125
2128.578125
2130.046875
2131.3828125
2132.6328125
2133.9765625
2135.30078125
2136.61328125
2137.890625
2128.68359375
2129.50390625
2130.53125
2131.7890625
2133.26953125
2134.57421875
2135.96875
2137.37890625
2138.734375
2140.05078125
2141.4921875
2142.984375
2144.43359375
2145.890625
2147.34375
2148.4921875
2149.7109375
2150.94921875
2152.28125
2153.58984375
2154.84765625
2155.984375
2157.34375
2158.53515625
2159.7265625
2161.12890625
2162.5625
2163.8125
2165.16015625
2166.43359375
2167.859375
2169.1640625
2170.42578125
2171.75390625
2173.08984375
2174.203125
2175.25
2176.46875
2177.8125
2179.09375
2180.5546875
2181.83984375
2183.2421875
2184.640625
2185.859375
2187.1796875
2188.2578125
2189.41015625
2190.703125
2191.91796875
2193.1328125
2194.421875
2195.625
2196.9921875
2198.3359375
2199.71484375
2201.0859375
2202.44140625
2203.80078125
2205.25390625
2206.43359375
2266.05859375
2287.5078125
2288.578125
2289.2890625
2290.4921875
2291.52734375
2292.66796875
2293.73046875
2294.7578125
2295.66015625
2296.609375
2297.37109375
2298.41796875
2299.59765625
2300.77734375
2301.828125
2303.015625
2304.17578125
2305.33984375
2306.2421875
2307.34375
2308.45703125
2309.546875
2310.6640625
2311.58984375
2312.56640625
2313.42578125
2314.38671875
2315.1796875
2315.890625
2316.7421875
2317.6328125
2318.890625
2320.21484375
2321.65625
2322.90234375
2324.1171875
2325.52734375
2326.6875
2327.8125
2328.89453125
2330.07421875
2331.3203125
2332.65625
2333.84375
2335.1484375
2336.38671875
2337.61328125
2338.609375
2339.65625
2340.54296875
2341.65625
2343.12109375
2343.90234375
2344.64453125
2345.8203125
2346.625
2426.62890625
2426.62890625
2477.62890625
2516.82421875
2516.82421875
2516.82421875
2516.82421875
2516.82421875
2516.82421875
2516.82421875
2516.82421875
2516.82421875
2516.82421875
2516.82421875
2516.82421875
2516.82421875
2516.82421875
2516.82421875
2524.58203125
2533.5703125
2541.9921875
2549.37890625
2554.2578125
2560.1796875
2564.8125
2570.80078125
2578.671875
2586.19921875
2593.63671875
2593.9296875
2496.40234375
2635.4375
2635.4375
2635.4375
2635.4375
2635.4375
2635.4375
2635.4375
2635.4375
2635.4375
2561.53515625
2589.671875
2617.7265625
2646.296875
2668.96484375
2669.34765625
2669.34765625
2669.34765625
2669.34765625
2669.34765625
2670.87890625
2670.87890625
2670.87890625
2670.87890625
2670.87890625
2670.87890625
2670.87890625
2670.87890625
2670.87890625
2670.87890625
2670.87890625
2670.87890625
2670.87890625
2670.87890625
2670.87890625
2670.87890625
2670.87890625
2670.87890625
2670.87890625
2670.87890625
2670.87890625
2670.87890625
2670.87890625
2670.87890625
2670.87890625
2670.87890625
2670.87890625
2670.87890625
2673.1328125
2673.1328125
2673.1328125
2673.1328125
2673.1328125
2673.1328125
2675.19140625
2678.5546875
2681.8515625
2685.15234375
2688.453125
2691.76953125
2694.8671875
2698.25390625
2701.46875
2704.9375
2708.375
2711.71875
2715.10546875
2718.1328125
2721.46875
2836.59765625
2722.38671875
2722.38671875
2722.38671875
2722.38671875
2722.38671875
2825.578125
2876.59765625
2722.38671875
2749.49609375
2753.5390625
2757.4765625
2760.38671875
2762.38671875
2762.38671875
2762.38671875
2762.38671875
2778.38671875
2778.38671875
2778.38671875
2778.38671875
2778.38671875
2778.38671875
2778.38671875
2778.38671875
2778.38671875
2778.38671875
2814.8515625
2948.609375
2948.609375
2948.609375
2948.609375
2948.609375
2948.609375
2948.609375
2948.609375
2948.609375
2948.609375
2948.609375
2948.609375
2948.609375
2948.609375
2796.36328125
2803.41015625
2810.2890625
2817.09765625
2823.90625
2830.984375
2835.1328125
2842.57421875
2850.296875
2857.8203125
2864.72265625
2870.6171875
2876.890625
2882.80078125
2890.69921875
2898.50390625
2905.75390625
2912.78125
2919.39453125
2927.58203125
2934.9921875
2816.828125
2880.48046875
2824.2734375
2886.66796875
2886.66796875
2999.4921875
3029.40625
3029.40625
3029.40625
3029.40625
3029.40625
3029.40625
3029.40625
3029.40625
2892.140625
2900.65234375
2909.62109375
2918.54296875
2927.52734375
2936.453125
2945.1640625
2953.34765625
2962.3515625
2971.3125
2979.83984375
2988.37109375
2996.609375
3005.12890625
3013.73046875
3022.08203125
2897.40625
2743.9296875
2743.48046875
2742.14453125
2740.984375
2741.40234375
2736.5234375
2733.49609375
2733.7578125
2734.00390625
2734.27734375
2734.84375
2722.3828125
2722.6640625
2722.9453125
2714.5546875
2714.80859375
2715.08203125
2715.34765625
2715.59765625
2715.875
2716.1640625
2716.4453125
2716.73046875
2714.14453125
2714.94921875
2715.75
2716.58203125
2717.52734375
2718.3671875
2719.140625
2719.90234375
2720.70703125
2721.515625
2722.34375
2723.15625
2724.01953125
2724.8671875
2725.69921875
2726.5390625
2727.08984375
2727.828125
2728.63671875
2729.4921875
2714.4296875
2697.82421875
2698.3828125
2698.9453125
2699.5
2700.06640625
2700.86328125
2701.71484375
2702.46875
2703.28515625
2704.09375
2704.7890625
2705.5546875
2706.296875
2706.953125
2707.76171875
2708.58984375
2709.375
2710.1875
2711.01171875
2711.8671875
2712.64453125
2713.40234375
2714.203125
2714.98828125
2715.81640625
2716.6875
2717.48828125
2718.28515625
2719.09375
2719.90234375
2720.6640625
2721.47265625
2722.1875
2722.99609375
2723.78125
2724.50390625
2725.2421875
2726.0390625
2726.8359375
2727.59765625
2728.34765625
2729.11328125
2729.921875
2730.765625
2731.62109375
2732.37890625
2733.05078125
2733.77734375
2734.5859375
2735.37890625
2736.203125
2737.0078125
2737.8515625
2738.69921875
2739.5078125
2740.26171875
2740.98828125
2741.73046875
2742.4921875
2743.30859375
2744.0390625
2744.77734375
2745.578125
2746.28515625
2747.046875
2747.81640625
2748.640625
2749.453125
2750.29296875
2751.0859375
2751.84375
2752.56640625
2753.3828125
2754.171875
2755.015625
2755.8515625
2756.6796875
2757.52734375
2758.38671875
2759.19921875
2760.01953125
2760.83203125
2761.703125
2762.47265625
2763.2265625
2763.95703125
2764.65625
2742.43359375
2743.234375
2744.01953125
2744.78125
2745.54296875
2746.2734375
2747.0
2747.7734375
2748.5625
2749.33203125
2750.11328125
2699.265625
2700.04296875
2700.84375
2701.5703125
2702.35546875
2703.12890625
2703.96484375
2704.77734375
2705.5703125
2706.4296875
2707.2421875
2708.07421875
2708.828125
2709.64453125
2710.4453125
2711.234375
2712.03125
2712.8828125
2713.703125
2714.51953125
2715.33203125
2716.15234375
2716.9921875
2717.8125
2718.640625
2719.4453125
2720.296875
2721.1015625
2721.89453125
2722.61328125
2723.4453125
2724.265625
2725.0546875
2725.83203125
2726.5703125
2727.26953125
2727.98828125
2728.7265625
2729.5
2730.29296875
2731.1015625
2731.87109375
2732.6640625
2733.42578125
2734.1875
2734.94140625
2735.73828125
2736.4921875
2737.234375
2737.95703125
2738.671875
2739.44921875
2740.28125
2741.09375
2741.921875
2742.72265625
2743.5546875
2744.34765625
2745.16796875
2745.90625
2746.6953125
2747.46875
2748.30078125
2749.12109375
2749.94921875
2750.73046875
2751.50390625
2752.28515625
2753.0546875
2753.85546875
2754.6796875
2755.48828125
2756.2734375
2757.046875
2757.83203125
2758.609375
2759.40625
2760.21484375
2761.03125
2761.828125
2762.57421875
2763.28515625
2763.99609375
2764.79296875
2765.59765625
2766.34765625
2767.12890625
2767.84765625
2768.609375
2769.39453125
2770.16015625
2770.93359375
2771.74609375
2772.5546875
2773.34375
2774.1796875
2774.99609375
2775.78125
2776.5234375
2777.25390625
2778.0625
2778.8984375
2779.71484375
2780.5546875
2781.328125
2782.1015625
2782.875
2783.6875
2784.4921875
2785.30859375
2786.11328125
2786.90234375
2787.6796875
2788.4375
2789.21875
2790.0546875
2790.828125
2791.609375
2792.4296875
2793.2109375
2794.01171875
2794.77734375
2795.50390625
2796.23046875
2796.98046875
2797.43359375
2798.21484375
2798.9921875
2799.74609375
2800.484375
2801.22265625
2801.99609375
2802.75
2803.50390625
2804.19921875
2804.76953125
2805.46484375
2806.16796875
2806.95703125
2807.7734375
2808.6015625
2809.3828125
2810.21875
2811.03125
2811.7890625
2812.63671875
2813.45703125
2737.62890625
2738.4609375
2739.23046875
2740.0
2740.79296875
2741.57421875
2742.3515625
2743.1484375
2743.91015625
2744.6640625
2745.41796875
2746.19140625
2747.01953125
2747.8203125
2748.6640625
2749.453125
2750.25390625
2751.05078125
2751.90625
2752.671875
2707.16796875
2707.91015625
2708.68359375
2709.484375
2710.3125
2711.125
2711.93359375
2712.71875
2713.5078125
2714.3046875
2715.11328125
2715.91796875
2716.74609375
2717.53515625
2718.30859375
2719.09375
2719.89453125
2720.640625
2721.4609375
2722.21484375
2722.953125
2723.69140625
2724.43359375
2725.22265625
2726.0390625
2726.8203125
2727.60546875
2728.33984375
2729.0859375
2729.80078125
2730.59375
2731.3984375
2732.25
2733.0625
2733.88671875
2734.70703125
2735.52734375
2736.33984375
2737.15625
2737.9921875
2738.70703125
2739.49609375
2740.28125
2741.05859375
2741.8203125
2742.4921875
2743.21484375
2744.0
2744.8515625
2745.671875
2746.4609375
2747.2890625
2748.11328125
2748.95703125
2749.76953125
2750.578125
2751.296875
2752.0703125
2752.8671875
2753.67578125
2754.42578125
2755.1484375
2755.875
2756.58984375
2757.34765625
2758.13671875
2758.921875
2759.72265625
2760.53515625
2761.33203125
2762.10546875
2762.8828125
2763.6875
2764.55078125
2765.35546875
2766.16015625
2766.95703125
2767.77734375
2768.5859375
2769.375
2770.16796875
2771.03125
2771.8125
2772.5546875
2773.25
2773.99609375
2774.78125
2775.55859375
2776.34375
2777.1328125
2777.93359375
2778.73046875
2779.53515625
2780.37109375
2781.21875
2782.06640625
2782.86328125
2783.66796875
2784.4921875
2785.32421875
2786.109375
2786.890625
2787.7109375
2788.5078125
2789.3203125
2790.15234375
2790.9765625
2791.76953125
2792.54296875
2793.30078125
2794.109375
2794.91796875
2795.68359375
2796.46875
2797.28515625
2798.12109375
2798.890625
2799.67578125
2800.4453125
2801.2109375
2801.99609375
2802.8046875
2803.640625
2804.453125
2805.2265625
2805.98828125
2806.7890625
2807.59375
2808.453125
2809.27734375
2810.09375
2810.91796875
2811.71484375
2812.515625
2813.30078125
2814.08984375
2814.88671875
2815.6640625
2816.46484375
2817.28515625
2818.1171875
2818.9765625
2819.7421875
2820.52734375
2821.3125
2822.13671875
2822.9921875
2823.78125
2824.578125
2825.36328125
2826.1171875
2826.90234375
2827.6796875
2828.46484375
2829.26953125
2830.01171875
2830.7265625
2831.453125
2832.23046875
2833.04296875
2833.88671875
2834.72265625
2835.5078125
2836.30859375
2837.11328125
2837.8671875
2838.65234375
2839.44140625
2840.1640625
2840.91796875
2841.70703125
2842.515625
2843.3046875
2844.0546875
2844.828125
2845.58984375
2846.37890625
2847.2109375
2848.01953125
2848.8046875
2849.6171875
2850.44921875
2851.20703125
2852.0234375
2852.84765625
2853.671875
2854.46875
2855.2421875
2856.015625
2856.8046875
2857.55078125
2858.390625
2859.171875
2859.984375
2860.79296875
2861.61328125
2862.41796875
2863.21484375
2864.03515625
2864.85546875
2865.67578125
2866.46875
2867.25390625
2868.03515625
2868.8515625
2869.68359375
2870.5
2871.3046875
2872.078125
2872.82421875
2873.62109375
2874.37109375
2875.16796875
2875.90625
2876.6484375
2877.34375
2878.0546875
2878.74609375
2879.4921875
2880.23828125
2881.046875
2881.83984375
2882.58984375
2883.3203125
2884.0859375
2884.90625
2885.7109375
2886.51171875
2887.30078125
2888.109375
2888.91015625
2889.70703125
2890.48046875
2891.22265625
2891.96875
2892.73828125
2893.5546875
2894.35546875
2895.1796875
2895.94921875
2896.7265625
2897.5234375
2898.34375
2899.1484375
2899.98046875
2900.7890625
2901.625
2902.43359375
2903.25
2904.05078125
2904.671875
2905.4375
2906.26953125
2907.046875
2907.7890625
2908.55859375
2909.37109375
2910.171875
2910.9921875
2911.8125
2912.62109375
2913.38671875
2914.16796875
2914.97265625
2915.71875
2916.390625
2917.15625
2917.8828125
2918.609375
2919.359375
2920.12109375
2920.92578125
2921.76953125
2922.5859375
2923.35546875
2924.1171875
2924.87109375
2925.6328125
2926.4375
2927.21875
2927.98046875
2928.77734375
2929.5859375
2930.328125
2931.09765625
2931.84375
2932.58203125
2933.3125
2934.046875
2934.796875
2935.5625
2936.31640625
2937.109375
2861.1640625
2861.9375
2862.68359375
2863.47265625
2864.2109375
2864.9140625
2865.55078125
2866.23046875
2866.96875
2867.73828125
2868.46484375
2869.22265625
2869.94140625
2870.72265625
2871.46875
2872.2421875
2873.0078125
2873.7578125
2874.53125
2875.25
2875.97265625
2876.703125
2877.4765625
2878.26171875
2879.0390625
2879.8125
2880.56640625
2881.28125
2882.01171875
2882.8046875
2883.58203125
2884.3359375
2885.10546875
2885.87109375
2886.62109375
2887.33984375
2888.08203125
2888.80859375
2889.53125
2890.29296875
2891.0859375
2891.89453125
2892.7109375
2893.4921875
2894.26953125
2895.01953125
2895.796875
2896.609375
2897.4140625
2898.203125
2898.828125
2899.35546875
2899.99609375
2900.703125
2901.43359375
2902.1796875
2902.93359375
2903.67578125
2904.375
2905.1171875
2712.203125
2712.97265625
2713.7734375
2714.546875
2715.30078125
2716.04296875
2716.765625
2717.515625
2718.26953125
2719.046875
2719.7734375
2720.45703125
2721.14453125
2721.828125
2722.54296875
2723.30859375
2724.1171875
2724.90234375
2725.65234375
2726.3828125
2727.15625
2727.8828125
2728.56640625
2729.23828125
2729.9375
2730.75
2731.546875
2732.32421875
2733.14453125
2733.86328125
2734.62109375
2735.35546875
2736.13671875
2736.8671875
2737.671875
2738.42578125
2739.1875
2739.95703125
2740.71875
2741.4921875
2742.2890625
2743.0625
2743.87890625
2744.625
2745.35546875
2746.14453125
2746.9609375
2747.72265625
2748.5
2749.25390625
2750.03515625
2750.79296875
2751.5625
2752.25390625
2752.97265625
2753.703125
2754.4765625
2755.25390625
2756.015625
2756.7890625
2757.52734375
2758.21875
2758.94921875
2759.69140625
2760.4375
2761.25
2762.0078125
2762.71875
2763.4765625
2764.21484375
2764.94921875
2764.60546875
2765.39453125
2766.1953125
2766.98046875
2767.71875
2768.484375
2769.28125
2770.0625
2770.87109375
2771.6484375
2772.41796875
2773.1796875
2773.93359375
2774.69140625
2775.47265625
2776.2734375
2777.0546875
2777.83984375
2778.6171875
2779.37890625
2780.1171875
2780.875
2781.59375
2782.31640625
2783.03515625
2783.76171875
2784.51171875
2785.3203125
2786.1015625
2786.8984375
2787.66015625
2788.43359375
2789.234375
2789.99609375
2790.75390625
2791.47265625
2792.1953125
2792.9609375
2793.734375
2794.50390625
2795.2421875
2795.99609375
2796.80078125
2797.5625
2798.3828125
2799.171875
2800.0234375
2800.828125
2801.59765625
2802.34765625
2803.1328125
2803.91015625
2804.71484375
2805.4765625
2806.265625
2807.01171875
2807.7890625
2808.57421875
2809.40625
2810.2109375
2811.03515625
2811.84375
2812.640625
2813.42578125
2814.2421875
2815.0078125
2815.78515625
2816.5546875
2817.3515625
2818.07421875
2818.83984375
2819.6328125
2820.39453125
2821.1015625
2821.828125
2822.5546875
2823.31640625
2824.08984375
2824.8828125
2825.625
2826.37109375
2827.13671875
2827.859375
2828.63671875
2852.9453125
2938.00390625
3020.7421875
3099.37890625
3173.87890625
3173.87890625
3173.87890625
3173.87890625
3173.87890625
3173.87890625
3173.87890625
3173.87890625
3173.87890625
3173.87890625
3173.87890625
3173.87890625
3173.87890625
3173.87890625
3173.87890625
3173.87890625
3173.87890625
3173.87890625
3173.87890625
3173.87890625
3173.87890625
3173.87890625
3173.87890625
3173.87890625
3173.87890625
3173.87890625
3173.87890625
3173.87890625
3173.87890625
3173.87890625
3173.87890625
3173.87890625
3173.87890625
3173.87890625
3173.87890625
3173.87890625
3173.87890625
3173.87890625
3173.87890625
3173.87890625
3173.87890625
3178.8984375
3184.84765625
3190.74609375
3196.578125
3202.51953125
3208.57421875
3214.484375
3220.0390625
3225.84375
3231.5546875
3236.34375
3241.4609375
3247.234375
3252.6328125
3258.1484375
3263.6640625
3269.3203125
3273.8828125
3279.24609375
3284.86328125
3290.08984375
3295.51171875
3300.7890625
3306.39453125
3311.921875
3317.83984375
3323.6796875
3329.07421875
3334.5703125
3340.1328125
3345.90234375
3351.86328125
3357.82421875
3363.5
3368.8984375
3374.21484375
3379.43359375
3385.078125
3385.7578125
3385.7578125
3113.3671875
3089.08984375
3246.44921875
3405.078125
3543.3125
3543.359375
3543.40625
3543.45703125
3543.50390625
3543.55078125
3543.59765625
3543.64453125
3543.6953125
3543.7421875
3543.79296875
3543.83984375
3543.88671875
3543.93359375
3543.98046875
3544.0234375
3544.06640625
3544.109375
3544.16015625
3544.203125
3544.25390625
3544.30078125
3544.33203125
3544.33203125
3544.33203125
3420.359375
3551.97265625
3683.79296875
3756.2109375
3756.2109375
3756.2109375
3756.2109375
3756.2109375
3813.32421875
3971.03515625
4124.3984375
4188.69921875
4188.69921875
4188.69921875
4188.69921875
4188.69921875
4188.69921875
4188.69921875
4188.69921875
4188.69921875
4188.69921875
4188.69921875
4188.69921875
4188.69921875
4188.69921875
4188.69921875
4188.69921875
4188.69921875
4188.69921875
4188.69921875
4188.69921875
4188.69921875
4188.69921875
4188.69921875
4188.69921875
4188.69921875
4188.69921875
4188.69921875
4188.69921875
4188.69921875
4060.69921875
3773.81640625
3783.09765625
3792.2734375
3802.34375
3813.37109375
3824.171875
3835.90625
3841.15234375
3845.171875
3855.12109375
3865.70703125
3876.8515625
3887.515625
3898.75
3909.1328125
3919.8984375
3930.3359375
3941.18359375
3952.46875
3963.54296875
3974.984375
3986.7265625
3997.26953125
4006.71875
4018.09375
4030.16015625
4042.00390625
4053.2265625
4064.58203125
4076.27734375
4087.0703125
4098.55859375
4109.41015625
4118.6171875
4125.02734375
4131.2734375
4138.97265625
4150.5859375
4162.046875
4168.54296875
4179.30859375
4190.0078125
4201.87890625
4214.17578125
4226.67578125
4238.65234375
4245.953125
4252.09765625
4258.8828125
4266.1328125
4277.04296875
4289.0078125
4296.546875
4307.73828125
4319.85546875
4331.9609375
4341.7109375
4350.33203125
4361.03125
4370.76953125
4377.640625
4384.546875
4387.49609375
4392.11328125
4400.609375
4400.65234375
4273.72265625
3977.96484375
3977.96484375
3849.96484375
3343.57421875
3344.63671875
3344.63671875
3343.73046875
3341.92578125
3355.55078125
3346.4765625
3488.78515625
3371.8359375
3410.15625
3449.7890625
3488.265625
3360.953125
3504.6484375
3513.8828125
3513.8828125
3513.8828125
3513.8828125
3513.8828125
3513.8828125
3375.44140625
3384.58203125
3393.66796875
3403.29296875
3412.41015625
3421.58984375
3430.890625
3438.4765625
3446.109375
3454.58984375
3464.19921875
3473.59765625
3483.375
3492.83203125
3502.32421875
3511.84765625
3512.4453125
3529.125
3640.65625
3641.39453125
3641.39453125
3641.39453125
3641.39453125
3641.39453125
3641.39453125
3641.39453125
3641.39453125
3641.39453125
3641.39453125
3641.39453125
3641.39453125
3641.39453125
3641.39453125
3641.39453125
3641.39453125
3641.39453125
3641.39453125
3641.39453125
3641.39453125
3641.39453125
3641.39453125
3641.39453125
3641.39453125
3641.39453125
3641.39453125
3641.39453125
3641.39453125
3641.39453125
3641.39453125
3641.39453125
3641.39453125
3641.39453125
3641.39453125
3641.39453125
3403.53125
3491.2578125
3648.62890625
3809.75
3841.2265625
3841.2265625
3841.2265625
3841.2265625
3841.2265625
3841.2265625
3841.2265625
3841.2265625
3841.2265625
3841.2265625
3841.2265625
3841.2265625
3841.2265625
3841.2265625
3841.2265625
3841.2265625
3841.2265625
3841.2265625
3841.2265625
3841.2265625
3841.2265625
3841.2265625
3841.2265625
3841.2265625
3841.2265625
3841.2265625
3841.2265625
3841.2265625
3841.2265625
3841.2265625
3585.2265625
3424.21875
3434.71875
3445.12109375
3455.50390625
3466.3359375
3477.78125
3489.59375
3501.58203125
3513.39453125
3525.7265625
3537.59375
3548.5078125
3559.03125
3570.44140625
3581.6328125
3592.875
3604.1328125
3615.59375
3626.84765625
3637.98046875
3649.30078125
3660.43359375
3671.42578125
3683.05078125
3694.90625
3707.328125
3719.71875
3732.1640625
3744.1640625
3755.35546875
3766.20703125
3777.37109375
3789.25390625
3801.40625
3812.8359375
3824.5625
3835.0625
3845.2109375
3856.04296875
3866.90625
3878.16796875
3889.2890625
3900.88671875
3912.83984375
3924.17578125
3935.8671875
3948.3046875
3960.83203125
3973.11328125
3984.7109375
3995.84375
4005.86328125
4016.76171875
4027.58203125
4038.5859375
4049.4453125
4050.08984375
4050.08984375
3420.0
3566.109375
3442.16796875
3480.01953125
3519.1796875
3558.97265625
3419.94921875
3568.5078125
3568.5078125
3568.5078125
3568.5078125
3568.5078125
3568.5078125
3426.9140625
3437.78125
3448.27734375
3459.03125
3469.3984375
3480.27734375
3490.87109375
3501.78125
3513.53515625
3525.32421875
3536.90625
3547.91015625
3559.09765625
3567.78125
3653.72265625
3654.25390625
3654.25390625
3654.25390625
3654.25390625
3654.25390625
3654.25390625
3654.25390625
3654.25390625
3654.25390625
3654.25390625
3654.25390625
3654.25390625
3654.25390625
3654.25390625
3654.25390625
3654.25390625
3654.25390625
3654.25390625
3654.25390625
3654.25390625
3654.25390625
3654.25390625
3654.25390625
3654.25390625
3654.25390625
3654.25390625
3654.25390625
3654.25390625
3654.25390625
3654.25390625
3421.34375
3589.9453125
3771.3984375
3859.65234375
3859.65234375
3859.65234375
3859.65234375
3859.65234375
3859.65234375
3859.65234375
3859.65234375
3859.65234375
3859.65234375
3859.65234375
3859.65234375
3859.65234375
3859.65234375
3859.65234375
3859.65234375
3859.65234375
3859.65234375
3859.65234375
3859.65234375
3859.65234375
3859.65234375
3859.65234375
3859.65234375
3859.65234375
3442.3828125
3454.7734375
3467.30859375
3479.875
3492.38671875
3504.890625
3517.140625
3529.828125
3542.39453125
3554.65234375
3566.44921875
3577.80859375
3589.38671875
3601.41015625
3613.546875
3625.76953125
3637.421875
3648.9375
3660.703125
3671.71875
3682.1484375
3692.9296875
3703.95703125
3715.2421875
3726.1328125
3737.48828125
3748.5234375
3759.63671875
3771.203125
3783.3203125
3795.30859375
3805.8203125
3815.7578125
3825.984375
3836.265625
3848.1328125
3860.28515625
3872.56640625
3884.23046875
3896.00390625
3907.52734375
3919.05859375
3930.50390625
3939.92578125
3949.59765625
3960.0
3970.1171875
3980.953125
3992.484375
4004.25390625
4015.078125
4022.6015625
4033.2578125
4044.48046875
4055.41796875
4066.55859375
4068.5078125
4068.5078125
3435.91796875
3450.65625
3450.98046875
3386.3359375
3444.36328125
3504.59765625
3562.2109375
3433.74609375
3588.125
3588.125
3588.125
3588.125
3588.125
3588.125
3588.125
3454.796875
3466.76953125
3474.58984375
3485.5234375
3498.0234375
3511.1875
3525.17578125
3539.19140625
3552.52734375
3567.87890625
3584.23046875
3600.49609375
3612.55078125
3622.3125
3636.890625
3652.27734375
3653.59765625
3711.03515625
3711.4375
3711.4375
3711.4375
3711.4375
3711.4375
3711.4375
3711.4375
3711.4375
3711.4375
3711.4375
3711.4375
3711.4375
3711.4375
3711.4375
3711.4375
3711.4375
3711.4375
3711.4375
3711.4375
3711.4375
3711.4375
3711.4375
3711.4375
3711.4375
3711.4375
3711.4375
3711.4375
3711.4375
3711.4375
3711.4375
3711.4375
3711.4375
3711.4375
3711.4375
3442.890625
3593.6171875
3747.6953125
3850.6875
3850.6875
3850.6875
3850.6875
3850.6875
3850.6875
3850.6875
3850.6875
3850.6875
3850.6875
3850.6875
3850.6875
3850.6875
3850.6875
3850.6875
3850.6875
3850.6875
3850.6875
3850.6875
3850.6875
3850.6875
3850.6875
3850.6875
3850.6875
3850.6875
3850.6875
3850.6875
3433.1171875
3443.6640625
3455.42578125
3467.625
3480.10546875
3493.046875
3505.44140625
3518.48828125
3531.34375
3543.42578125
3553.875
3565.9921875
3577.41796875
3589.19921875
3600.9140625
3612.3671875
3623.4765625
3634.6640625
3646.3203125
3658.77734375
3670.75
3683.25390625
3695.16015625
3707.03125
3719.25390625
3731.44921875
3743.65234375
3755.5234375
3767.5546875
3779.61328125
3791.11328125
3803.25
3814.609375
3826.55859375
3838.3046875
3850.328125
3862.1484375
3874.08984375
3886.421875
3898.87890625
3910.25390625
3922.29296875
3934.453125
3946.27734375
3958.0
3969.49609375
3981.5390625
3993.76171875
4006.10546875
4018.5
4030.609375
4043.16796875
4054.1875
4060.3359375
4060.3359375
3936.9140625
3526.09375
3381.58203125
3451.3828125
3401.22265625
3457.2265625
3516.2421875
3551.21875
3640.046875
3715.140625
3715.140625
3715.140625
3715.140625
3715.140625
3587.140625
3583.1484375
3594.75390625
3606.73046875
3618.671875
3630.2734375
3642.07421875
3654.12109375
3665.98828125
3677.62890625
3689.44921875
3700.93359375
3713.00390625
3690.34765625
3736.078125
3736.078125
3736.078125
3736.078125
3736.078125
3736.078125
3736.078125
3736.078125
3736.078125
3736.078125
3736.078125
3736.078125
3736.078125
3736.078125
3736.078125
3736.078125
3736.078125
3736.078125
3736.078125
3736.078125
3736.078125
3736.078125
3736.078125
3736.078125
3736.078125
3736.078125
3736.078125
3504.89453125
3684.0625
3800.13671875
3881.78125
3881.78125
3881.78125
3881.78125
3881.78125
3881.78125
3881.78125
3881.78125
3881.78125
3881.78125
3881.78125
3881.78125
3881.78125
3881.78125
3881.78125
3881.78125
3881.78125
3881.78125
3881.78125
3881.78125
3881.78125
3881.78125
3881.78125
3881.78125
3881.78125
3881.78125
3881.78125
3881.78125
3881.78125
3881.78125
3881.78125
3881.78125
3881.78125
3461.5703125
3472.97265625
3485.11328125
3496.53125
3507.66015625
3518.8203125
3530.21875
3541.9609375
3553.33984375
3565.6796875
3577.08203125
3588.95703125
3601.26953125
3613.30859375
3625.890625
3637.77734375
3649.23828125
3661.61328125
3674.15234375
3686.13671875
3698.59765625
3710.41796875
3722.53515625
3734.703125
3747.0859375
3759.58203125
3771.8359375
3784.296875
3796.58984375
3808.9375
3821.125
3832.890625
3845.2109375
3857.25390625
3869.11328125
3881.0234375
3892.84765625
3904.71875
3915.7734375
3927.15625
3939.19140625
3951.27734375
3962.80859375
3974.50390625
3986.20703125
3997.8828125
4010.09375
4022.2890625
4032.44921875
4043.71484375
4052.31640625
4064.0078125
4075.46875
4087.2265625
4090.75390625
4090.75390625
3943.74609375
3560.359375
3468.73046875
3493.078125
3550.828125
3485.62890625
3485.62890625
3598.91796875
3639.41015625
3639.41015625
3639.41015625
3639.41015625
3639.41015625
3498.40625
3510.03515625
3521.453125
3532.83984375
3544.234375
3555.921875
3567.41796875
3578.21875
3589.078125
3600.27734375
3611.65234375
3622.61328125
3634.609375
3668.98828125
3720.62109375
3720.7890625
3720.7890625
3720.7890625
3720.7890625
3720.7890625
3720.7890625
3720.7890625
3720.7890625
3720.7890625
3720.7890625
3720.7890625
3720.7890625
3720.7890625
3720.7890625
3720.7890625
3720.7890625
3720.7890625
3720.7890625
3720.7890625
3720.7890625
3720.7890625
3720.7890625
3720.7890625
3720.7890625
3720.7890625
3720.7890625
3518.375
3610.1015625
3797.546875
3887.2734375
3887.2734375
3887.2734375
3887.2734375
3887.2734375
3887.2734375
3887.2734375
3887.2734375
3887.2734375
3887.2734375
3887.2734375
3887.2734375
3887.2734375
3887.2734375
3887.2734375
3887.2734375
3887.2734375
3887.2734375
3887.2734375
3887.2734375
3887.2734375
3887.2734375
3887.2734375
3887.2734375
3463.65625
3476.16015625
3488.7109375
3501.07421875
3513.42578125
3525.8125
3538.3046875
3550.9453125
3563.37890625
3575.95703125
3588.4453125
3601.0234375
3613.40625
3625.890625
3638.18359375
3650.671875
3663.17578125
3675.73046875
3688.046875
3700.59765625
3713.0859375
3725.2734375
3737.34765625
3749.43359375
3761.30078125
3773.62890625
3785.51171875
3797.16796875
3809.40625
3821.94140625
3833.98828125
3845.46484375
3857.546875
3869.203125
3880.9453125
3892.30078125
3904.29296875
3916.45703125
3928.0
3939.7421875
3951.37890625
3963.5859375
3975.6328125
3987.5625
3999.73828125
4011.9375
4024.06640625
4036.46875
4048.40234375
4060.609375
4072.46484375
4084.78125
4097.11328125
4096.265625
4096.265625
3459.86328125
3363.5390625
3233.1953125
2559.53515625
