3364.6875
3364.765625
3364.765625
3364.765625
3364.765625
3364.765625
3364.765625
3364.765625
3364.76171875
3364.765625
3364.765625
3364.765625
3364.765625
3364.765625
3364.765625
3364.765625
3364.765625
3319.76953125
3312.22265625
3312.22265625
3319.85546875
3297.60546875
3297.390625
3113.296875
2919.88671875
2865.9921875
2855.64453125
2783.1484375
2783.875
2809.83203125
2812.203125
2816.82421875
2816.82421875
2816.82421875
2852.94921875
2881.44140625
2917.15625
2955.796875
3001.67578125
3049.4296875
3097.625
3147.4921875
3184.5546875
3184.5546875
3184.5546875
3184.5546875
3184.5546875
3184.5546875
3184.5546875
3184.5546875
3184.5546875
3184.5546875
3184.5546875
3184.5546875
3270.90234375
3367.31640625
3467.16015625
3567.9375
3598.49609375
3600.44921875
3600.29296875
3600.09765625
3601.89453125
3603.30078125
3604.75390625
3606.25
3607.46875
3608.9296875
3610.2734375
3611.51171875
3612.74609375
3614.05859375
3615.44921875
3616.875
3608.0078125
3609.3984375
3610.765625
3612.26953125
3613.71484375
3615.10546875
3616.60546875
3617.53515625
3618.9921875
3620.34765625
3621.7890625
3623.12109375
3624.56640625
3626.0078125
3627.3984375
3628.8359375
3619.1328125
3620.47265625
3621.87109375
3623.21875
3624.6171875
3625.984375
3627.35546875
3628.7265625
3630.1328125
3631.43359375
3632.8359375
3624.625
3625.96484375
3626.62109375
3627.23046875
3627.92578125
3628.578125
3629.140625
3629.25
3625.06640625
3625.609375
3626.21875
3626.84375
3627.37890625
3627.94140625
3628.51953125
3629.05078125
3629.640625
3630.1640625
3630.7265625
3624.80859375
3625.1875
3585.5625
3586.37890625
3587.65234375
3588.8046875
3589.94921875
3590.9453125
3591.91796875
3592.97265625
3594.03125
3595.0390625
3596.09375
3592.8671875
3588.87890625
3589.93359375
3591.05078125
3585.359375
3586.44921875
3582.203125
3583.26953125
3584.43359375
3579.07421875
3580.0859375
3578.11328125
3579.16015625
3576.34375
3577.39453125
3571.34375
3572.3828125
3567.45703125
3527.05859375
3521.515625
3522.5859375
3516.98828125
3518.01171875
3519.0546875
3513.85546875
3514.90625
3515.90625
3512.10546875
3513.16015625
3509.69921875
3510.7265625
3511.7890625
3512.7421875
3508.4140625
3509.44921875
3506.08203125
3507.15625
3503.140625
3503.23828125
3502.28125
3565.625
3565.625
3565.625
3565.625
3565.625
3567.921875
3569.02734375
3561.97265625
3550.015625
3552.8203125
3532.3125
3580.5
3580.546875
3580.59375
3580.61328125
3462.1015625
3462.1015625
3462.1015625
3462.59375
3462.59375
3463.578125
3463.578125
3463.578125
3463.578125
3465.546875
3465.546875
3465.546875
3465.546875
3465.546875
3465.546875
3465.546875
3465.546875
3465.546875
3465.546875
3467.60546875
3467.60546875
3467.60546875
3467.60546875
3467.60546875
3467.60546875
3467.60546875
3467.60546875
3465.4296875
3459.55078125
3446.6953125
3441.12890625
3438.0234375
3433.97265625
3453.4609375
3500.34765625
3503.05859375
3503.05859375
3503.05859375
3503.05859375
3505.6953125
3507.2421875
3507.71875
3506.51953125
3508.51953125
3506.515625
3506.515625
3516.5546875
3516.5546875
3516.5546875
3515.85546875
3515.85546875
3524.89453125
3524.89453125
3524.8359375
3524.8359375
3525.02734375
3529.91015625
3529.15625
3531.8203125
3530.2421875
3530.33203125
3535.18359375
3489.76171875
3493.546875
3547.15625
3547.15625
3547.15625
3547.15625
3547.15625
3531.8359375
3524.2578125
3521.4921875
3521.5625
3522.44921875
3521.5703125
3522.21484375
3519.65234375
3520.5390625
3521.4140625
3522.31640625
3512.48828125
3512.796875
3513.08984375
3513.61328125
3514.50390625
3515.34765625
3516.21875
3517.0859375
3517.9140625
3518.75
3519.58203125
3514.15625
3514.97265625
3515.8828125
3516.73046875
3517.5859375
3518.46484375
3519.3515625
3520.20703125
3521.078125
3521.921875
3522.75
3523.609375
3524.4296875
3525.30859375
3526.1640625
3527.0625
3527.94140625
3528.76171875
3496.86328125
3488.4140625
3488.69140625
3488.984375
3489.265625
3489.5546875
3489.8359375
3490.10546875
3490.40234375
3490.6953125
3490.98828125
3491.28515625
3491.578125
3491.8828125
3492.17578125
3492.4765625
3492.75390625
3493.0546875
3493.359375
3493.64453125
3493.91015625
3494.18359375
3495.0
3495.82421875
3496.60546875
3497.44921875
3498.31640625
3499.20703125
3500.0625
3500.86328125
3501.75
3444.109375
3444.3828125
3444.67578125
3444.9609375
3445.2578125
3445.52734375
3445.80078125
3446.2109375
3446.5078125
3446.80078125
3447.09765625
3447.3828125
3447.671875
3447.95703125
3448.25
3448.5390625
3448.84375
3449.13671875
3449.42578125
3435.76953125
3436.0546875
3436.34765625
3436.65234375
3436.93359375
3437.234375
3437.515625
3437.828125
3438.125
3438.43359375
3438.71875
3435.71875
3435.99609375
3436.296875
3436.578125
3436.875
3437.16796875
3435.65234375
3435.94140625
3436.23046875
3436.46875
3436.74609375
3437.03515625
3437.33984375
3437.62890625
3437.92578125
3438.2109375
3438.5078125
3438.80859375
3439.11328125
3439.30078125
3439.546875
3439.84375
3440.1171875
3440.39453125
3440.65625
3440.93359375
3441.21875
3441.5078125
3441.8046875
3442.08984375
3442.390625
3442.6875
3442.9765625
3443.015625
3443.25
3443.4296875
3444.0625
3444.7265625
3397.69140625
3398.18359375
3398.578125
3398.93359375
3399.33984375
3399.84375
3400.36328125
3379.85546875
3338.77734375
3339.2265625
3339.76171875
3340.2890625
3340.8203125
3341.39453125
3341.94921875
3342.51171875
3343.09375
3343.66796875
3344.2421875
3344.78515625
3345.37109375
3345.93359375
3346.5
3347.10546875
3347.64453125
3348.2421875
3338.61328125
3339.16796875
3339.69921875
3340.19921875
3340.7734375
3341.33203125
3341.90625
3342.484375
3343.015625
3343.57421875
3344.09765625
3344.6484375
3345.21484375
3345.76953125
3346.33984375
3346.9140625
3347.46875
3348.05859375
3348.6328125
3349.21875
3349.765625
3338.87890625
3339.4296875
3340.01953125
3340.58984375
3341.16015625
3341.703125
3342.265625
3342.796875
3343.34375
3343.91796875
3344.49609375
3345.0625
3345.60546875
3346.16015625
3346.73828125
3347.32421875
3347.9140625
3348.30078125
3348.78515625
3349.296875
3349.8125
3350.36328125
3350.9375
3351.50390625
3352.07421875
3352.5625
3353.125
3353.66015625
3354.2265625
3354.80859375
3355.3984375
3355.9765625
3356.5078125
3357.08984375
3357.65625
3358.21875
3358.765625
3352.03125
3352.60546875
3353.17578125
3353.76171875
3354.3359375
3348.375
3348.91015625
3342.97265625
3343.04296875
3343.33984375
3343.5
3343.51953125
3343.92578125
3344.44140625
3344.984375
3345.55078125
3346.12890625
3346.75390625
3347.35546875
3347.9375
3348.42578125
3348.8828125
3349.421875
3349.9921875
3350.5625
3351.1484375
3351.6953125
3352.2421875
3352.78515625
3353.328125
3353.8984375
3354.48046875
3355.078125
3355.59375
3356.15234375
3356.7109375
3357.2734375
3357.85546875
3358.4375
3359.0078125
3359.59375
3360.16015625
3360.71484375
3361.2734375
3361.77734375
3362.2578125
3362.796875
3363.37890625
3363.94921875
3364.29296875
3364.859375
3365.3984375
3365.953125
3366.49609375
3367.0859375
3367.65234375
3368.203125
3368.73828125
3369.28515625
3369.8984375
3370.6875
3371.5078125
3372.359375
3373.1796875
3373.88671875
3374.6796875
3375.53515625
3376.39453125
3377.2109375
3378.01953125
3378.8359375
3379.69140625
3380.5625
3381.41796875
3382.28515625
3383.09765625
3383.8203125
3384.60546875
3385.48828125
3386.296875
3387.203125
3388.0390625
3388.87109375
3389.6953125
3390.5234375
3391.38671875
3392.265625
3393.1328125
3393.9921875
3394.765625
3395.609375
3396.3671875
3397.22265625
3397.81640625
3398.49609375
3399.26953125
3400.05859375
3400.859375
3401.69140625
3402.546875
3403.40625
3404.2734375
3405.16796875
3406.01171875
3406.84765625
3407.66796875
3408.5390625
3409.37890625
3410.2578125
3411.05078125
3411.89453125
3412.71484375
3413.6171875
3414.49609375
3415.390625
3416.23828125
3417.09375
3417.87890625
3418.72265625
3419.51171875
3420.37890625
3421.2265625
3422.109375
3422.9765625
3423.890625
3424.7578125
3425.65625
3426.51953125
3427.3984375
3428.25390625
3429.0703125
3429.91796875
3430.796875
3431.6640625
3432.54296875
3433.390625
3434.2265625
3435.06640625
3435.9140625
3436.734375
3437.51953125
3438.31640625
3439.18359375
3440.02734375
3440.88671875
3441.5859375
3442.4921875
3443.30859375
3444.16796875
3445.02734375
3445.88671875
3446.73046875
3447.56640625
3448.39453125
3449.234375
3450.125
3451.015625
3451.86328125
3452.6875
3453.53125
3454.296875
3455.1640625
3456.03515625
3456.890625
3457.73046875
3458.5546875
3459.390625
3460.2265625
3461.015625
3461.89453125
3462.77734375
3463.63671875
3462.15625
3462.9765625
3463.80859375
3391.3828125
3392.2734375
3393.15625
3393.9609375
3394.81640625
3395.59765625
3396.40625
3397.25
3398.10546875
3398.84375
3399.64453125
3400.4921875
3401.3828125
3402.21875
3403.08203125
3403.91015625
3404.69140625
3405.5390625
3406.421875
3407.28125
3408.13671875
3408.98046875
3409.8671875
3410.7109375
3411.59765625
3412.453125
3413.33984375
3414.203125
3415.05859375
3415.8984375
3284.32421875
3285.1875
3286.09375
3286.92578125
3287.80859375
3288.64453125
3289.4765625
3290.30078125
3291.12109375
3291.96484375
3292.85546875
3293.7109375
3294.62109375
3295.40625
3296.19140625
3297.0859375
3298.00390625
3298.66796875
3299.55078125
3300.40625
3287.140625
3287.625
3288.28125
3288.9140625
3289.5
3290.19140625
3291.09765625
3292.00390625
3292.8671875
3293.6875
3294.31640625
3294.87109375
3295.42578125
3296.25390625
3297.12890625
3297.99609375
3298.83203125
3299.6484375
3300.37890625
3301.0
3301.62109375
3302.4140625
3303.32421875
3304.16796875
3305.08984375
3305.97265625
3306.8828125
3307.72265625
3308.55078125
3309.34765625
3310.2734375
3311.16015625
3312.01953125
3312.78125
3313.61328125
3314.515625
3315.40234375
3316.296875
3317.203125
3318.08203125
3318.9765625
3319.8203125
3320.6328125
3321.4765625
3322.3671875
3323.2109375
3324.09375
3324.98046875
3325.859375
3326.68359375
3327.51171875
3328.40234375
3329.29296875
3330.16015625
3331.06640625
3331.8984375
3332.76171875
3333.640625
3334.5078125
3335.40234375
3336.28125
3337.16015625
3337.69140625
3338.23046875
3338.7421875
3339.265625
3339.95703125
3340.73046875
3341.51953125
3342.3828125
3343.2421875
3344.0859375
3344.84765625
3345.63671875
3346.4296875
3347.265625
3348.11328125
3349.00390625
3349.87890625
3350.74609375
3351.625
3352.5234375
3353.34375
3354.21484375
3355.0546875
3355.93359375
3356.80859375
3357.70703125
3358.546875
3359.41015625
3360.2578125
3336.44921875
3337.2578125
3338.078125
3338.890625
3339.74609375
3340.61328125
3341.4453125
3342.22265625
3343.0546875
3343.9375
3344.8046875
3345.62890625
3346.48046875
3347.30859375
3348.1328125
3349.00390625
3349.87890625
3350.73046875
3351.6328125
3352.46875
3353.30078125
3354.1171875
3355.0
3355.87890625
3356.75
3357.62109375
3358.5
3359.3359375
3360.19921875
3361.03515625
3361.89453125
3362.72265625
3363.62109375
3364.4921875
3365.3828125
3366.20703125
3367.05859375
3367.86328125
3368.66796875
3369.4375
3370.30078125
3371.109375
3371.97265625
3372.84765625
3373.68359375
3374.49609375
3375.33984375
3376.1484375
3377.00390625
3377.74609375
3378.5078125
3379.25
3380.05859375
3380.890625
3381.71484375
3382.60546875
3383.53125
3384.42578125
3385.28515625
3386.11328125
3386.94921875
3387.80859375
3388.73828125
3389.54296875
3390.44921875
3391.3515625
3392.20703125
3392.87890625
3393.5390625
3394.2578125
3395.078125
3395.92578125
3396.8515625
3397.6875
3398.515625
3399.2734375
3400.1015625
3400.90234375
3401.78125
3402.6484375
3403.53515625
3404.390625
3405.265625
3406.13671875
3406.99609375
3407.85546875
3408.7421875
3409.58203125
3410.46875
3411.28125
3412.0703125
3412.88671875
3413.78125
3414.6640625
3414.1875
3415.06640625
3415.92578125
3416.78125
3417.66796875
3418.48046875
3419.28515625
3420.10546875
3420.9609375
3421.52734375
3422.296875
3423.1328125
3423.9765625
3424.890625
3425.74609375
3426.640625
3427.5078125
3428.41796875
3429.25
3430.0390625
3430.859375
3431.6875
3432.5546875
3433.46875
3434.3984375
3435.3125
3436.15625
3436.984375
3437.796875
3438.70703125
3439.59765625
3440.46484375
3441.3671875
3442.28515625
3443.10546875
3444.02734375
3444.88671875
3445.7109375
3446.55859375
3447.45703125
3448.33984375
3449.26171875
3450.15625
3451.03125
3451.92578125
3452.84765625
3453.6796875
3454.36328125
3455.0625
3455.71875
3456.328125
3457.10546875
3457.88671875
3458.7578125
3459.625
3460.515625
3461.359375
3462.203125
3462.984375
3463.828125
3464.6875
3465.625
3466.48046875
3467.39453125
3467.8046875
3468.5859375
3469.41015625
3470.2265625
3471.0703125
3471.9375
3472.59765625
3473.27734375
3473.8359375
3474.3984375
3475.15234375
3475.9921875
3476.8046875
3477.73046875
3478.57421875
3479.171875
3479.87109375
3480.703125
3481.50390625
3482.3515625
3483.17578125
3484.05859375
3484.88671875
3485.74609375
3486.59765625
3487.44140625
3488.265625
3489.1328125
3489.97265625
3490.78125
3491.578125
3492.43359375
3493.0
3493.62890625
3494.2421875
3494.8515625
3495.421875
3496.08984375
3496.69140625
3497.51171875
3498.26953125
3499.10546875
3499.97265625
3500.8984375
3501.8203125
3502.64453125
3503.4609375
3504.3046875
3505.03125
3505.72265625
3506.39453125
3507.22265625
3507.99609375
3508.80859375
3544.94921875
3640.88671875
3740.91796875
3744.95703125
3744.95703125
3744.95703125
3744.95703125
3744.95703125
3744.95703125
3744.95703125
3744.95703125
3744.95703125
3744.95703125
3744.95703125
3744.95703125
3744.95703125
3744.95703125
3744.95703125
3744.95703125
3744.95703125
3744.95703125
3744.95703125
3744.95703125
3744.95703125
3744.95703125
3744.95703125
3744.95703125
3744.95703125
3744.95703125
3744.95703125
3744.95703125
3744.95703125
3744.95703125
3744.95703125
3744.95703125
3744.95703125
3744.95703125
3750.0078125
3756.12890625
3762.23046875
3768.83984375
3775.42578125
3781.9921875
3788.21484375
3794.83203125
3801.37109375
3808.01953125
3814.41015625
3820.9140625
3827.5703125
3834.0234375
3840.11328125
3846.27734375
3852.59375
3858.5703125
3864.5390625
3869.8046875
3875.98046875
3881.84375
3888.0
3894.625
3901.3046875
3907.98828125
3912.59765625
3918.296875
3924.95703125
3931.65625
3938.19921875
3944.98046875
3951.25
3951.25
3951.25
3631.80078125
3804.70703125
3978.78125
4099.54296875
4099.59765625
4099.64453125
4099.6875
4099.7265625
4099.765625
4099.8125
4099.86328125
4099.91015625
4099.95703125
4100.0
4100.046875
4100.09375
4100.14453125
4100.1953125
4100.24609375
4100.2890625
4100.328125
4100.375
4100.42578125
4100.48046875
4100.4921875
4100.4921875
4100.4921875
3912.171875
4044.9921875
4123.51171875
4163.62890625
4255.4921875
4270.81640625
4270.81640625
4270.81640625
4270.81640625
4270.81640625
4270.81640625
4270.81640625
4347.71875
4510.25
4537.515625
4593.19921875
4624.140625
4624.140625
4624.140625
4624.140625
4624.140625
4624.140625
4624.140625
4624.140625
4624.140625
4624.140625
4216.125
4229.48828125
4241.921875
4254.46875
4269.015625
4284.328125
4299.87109375
4314.765625
4330.0546875
4345.140625
4360.6640625
4376.125
4392.17578125
4407.76171875
4423.7265625
4439.265625
4454.8125
4470.390625
4486.01953125
4500.92578125
4515.9765625
4530.00390625
4545.2578125
4560.33203125
4575.68359375
4590.49609375
4604.625
4618.3515625
4628.109375
4641.30859375
4647.60546875
4660.45703125
4675.1484375
4683.92578125
4698.86328125
4709.6875
4723.06640625
4736.31640625
4750.33203125
4763.75390625
4771.95703125
4783.71875
4796.28125
4810.63671875
4403.45703125
4403.46875
3939.39453125
3783.30859375
3783.30859375
3780.26171875
3857.5234375
3882.9765625
3898.41796875
3898.41796875
3899.77734375
3907.8046875
3917.28125
3925.078125
3933.3515625
3933.2734375
3942.58203125
3942.5859375
3942.5859375
3942.5859375
3942.5859375
3942.5859375
3942.5859375
3942.5859375
3942.5859375
3942.5859375
3942.5859375
3942.5859375
3903.59765625
4055.51953125
4216.8671875
4320.421875
4320.62109375
4320.75390625
4320.90234375
4321.015625
4321.24609375
4321.5078125
4321.6015625
4321.734375
4321.8671875
4322.03515625
4322.25
4322.53125
3911.61328125
3923.5078125
3938.26171875
3951.5859375
3965.22265625
3978.76953125
3992.99609375
4008.171875
4023.890625
4039.58984375
4055.51953125
4071.43359375
4087.21875
4103.05078125
4118.37890625
4134.31640625
4149.7109375
4164.265625
4178.71875
4184.73828125
4196.953125
4212.6796875
4227.5
4242.546875
4257.171875
4271.58984375
4285.77734375
4301.16015625
4316.41015625
4332.17578125
4347.84375
4363.91796875
4378.7421875
4394.2734375
4409.28125
4424.41015625
4439.57421875
4455.1953125
4469.90625
4483.4296875
4495.2265625
4509.51171875
4523.7734375
4527.03515625
4403.61328125
3890.9921875
3911.9765625
3922.46484375
3922.8671875
3927.0390625
3935.27734375
3943.82421875
3951.9609375
3956.87890625
3961.3359375
3961.3359375
3961.3359375
3961.3359375
3961.3359375
3961.3359375
3961.3359375
3961.3359375
3961.3359375
3987.49609375
4157.30859375
4324.49609375
4336.19921875
4336.19921875
4336.19921875
4336.19921875
4336.19921875
4336.19921875
4336.19921875
4336.19921875
3923.62109375
3937.4453125
3952.12890625
3966.83984375
3981.109375
3995.81640625
4011.1953125
4026.68359375
4041.74609375
4056.90625
4071.35546875
4086.390625
4100.99609375
4115.08203125
4129.15234375
4144.71875
4159.5078125
4173.8046875
4187.36328125
4201.9140625
4216.625
4231.75
4246.1875
4260.82421875
4275.47265625
4290.44140625
4304.88671875
4320.3671875
4335.35546875
4351.0859375
4366.26953125
4381.94921875
4397.4453125
4412.96875
4427.171875
4441.50390625
4455.19140625
4468.484375
4483.3046875
4498.1796875
4513.33203125
4528.0625
4540.578125
4540.578125
4210.48046875
3899.296875
3920.56640625
3925.21484375
3925.515625
3930.5546875
3938.50390625
3946.94140625
3955.41015625
3964.40625
3971.41015625
3971.41015625
3971.41015625
3971.41015625
3971.41015625
3971.41015625
3971.41015625
3971.41015625
3971.41015625
3971.41015625
3971.41015625
3971.41015625
3971.41015625
3971.41015625
3971.41015625
3971.41015625
3930.55078125
4109.76953125
4282.2734375
4336.65234375
4336.90234375
4337.15625
4337.42578125
4337.66796875
4337.91796875
4338.14453125
4338.37890625
4338.6171875
3927.640625
3943.03515625
3959.0703125
3974.609375
3989.234375
4003.73828125
4018.55078125
4033.92578125
4050.02734375
4065.3671875
4080.88671875
4095.06640625
4109.22265625
4123.55859375
4139.44921875
4154.21484375
4169.984375
4185.58984375
4201.33984375
4217.00390625
4233.1328125
4248.54296875
4263.4375
4278.11328125
4293.72265625
4309.05078125
4325.11328125
4339.99609375
4354.71484375
4368.8515625
4382.3359375
4395.62890625
4410.27734375
4425.39453125
4441.07421875
4455.6171875
4471.2109375
4486.3046875
4501.77734375
4516.6484375
4531.19921875
4544.234375
4543.14453125
4476.73046875
3900.65625
3922.2734375
3941.046875
3918.55859375
3921.53515625
3929.69140625
3937.89453125
3946.0703125
3953.06640625
3973.8984375
3973.8984375
3973.8984375
3973.8984375
3973.8984375
3973.8984375
3973.8984375
3973.8984375
3973.8984375
3973.8984375
3973.8984375
3973.8984375
4023.984375
4199.875
4355.32421875
4355.58203125
4355.828125
4356.09375
4356.34765625
4356.62109375
4356.87109375
4357.11328125
4357.34375
4357.60546875
3955.26953125
3970.61328125
3985.20703125
4000.2265625
4014.1328125
4027.7421875
4042.64453125
4057.84765625
4073.19921875
4088.69921875
4103.87109375
4118.01953125
4133.359375
4148.45703125
4163.06640625
4177.609375
4192.33203125
4207.15625
4222.49609375
4237.58984375
4253.20703125
4268.703125
4284.44140625
4300.12890625
4315.6953125
4331.375
4346.71484375
4360.41015625
4375.42578125
4390.17578125
4404.625
4419.3828125
4434.78125
4449.671875
4464.44140625
4478.2890625
4492.83203125
4506.98828125
4522.3203125
4537.44921875
4551.25390625
4561.98828125
4561.98828125
4438.56640625
3916.1875
3927.5625
3959.34375
3963.3671875
3963.76171875
3971.3515625
3979.390625
3987.63671875
3996.1328125
4000.70703125
4000.71484375
4000.71484375
4000.71484375
4000.71484375
4000.71484375
4000.71484375
4000.71484375
4000.71484375
4000.71484375
4000.71484375
4000.71484375
4000.71484375
4000.71484375
3997.2890625
4162.640625
4319.90234375
4356.0234375
4356.25
4356.48046875
4356.69140625
4356.91015625
4357.1328125
4357.390625
4357.6171875
4357.86328125
4358.09765625
3953.609375
3968.21875
3983.17578125
3997.80078125
4012.58984375
4026.36328125
4039.93359375
4052.9765625
4067.046875
4079.84375
4094.3515625
4109.55078125
4125.140625
4140.34765625
4156.0546875
4171.21484375
4186.58203125
4201.171875
4216.58203125
4231.34765625
4245.91015625
4259.57421875
4273.5234375
4285.40234375
4300.6171875
4315.84765625
4330.0390625
4344.65234375
4359.87890625
4374.921875
4390.171875
4404.3359375
4418.7734375
4432.578125
4445.1796875
4460.45703125
4473.15234375
4486.6953125
4500.9609375
4514.4453125
4528.18359375
4542.15234375
4555.1015625
4562.49609375
4562.49609375
3995.69921875
3859.57421875
3649.82421875
3224.77734375
