2663.51171875
2663.51171875
2689.01953125
2695.38671875
2717.2421875
2708.6171875
2708.6171875
2684.47265625
2687.328125
2691.89453125
2693.203125
2694.46484375
2695.73046875
2701.91796875
2703.2421875
2704.4921875
2705.71484375
2707.00390625
2708.29296875
2709.55859375
2710.92578125
2712.20703125
2713.45703125
2714.72265625
2716.05078125
2727.1171875
2728.41796875
2729.58984375
2730.86328125
2732.1875
2733.36328125
2734.6953125
2735.984375
2737.16796875
2738.3984375
2739.7578125
2740.8984375
2742.23046875
2743.51171875
2744.85546875
2745.9453125
2747.31640625
2748.5625
2749.91015625
2750.9765625
2752.2734375
2753.5078125
2754.83984375
2784.48046875
2757.2421875
2758.60546875
2759.85546875
2761.20703125
2762.578125
2763.55078125
2764.8828125
2766.1875
2767.37109375
2788.23828125
2789.55859375
2790.6640625
2791.890625
2793.23046875
2794.57421875
2795.75
2797.0703125
2798.41015625
2799.41796875
2800.6015625
2801.9140625
2803.234375
2804.55859375
2805.70703125
2807.06640625
2808.0078125
2809.296875
2810.4765625
2811.7890625
2813.140625
2814.47265625
2815.625
2816.95703125
2818.28515625
2819.26953125
2820.6171875
2821.703125
2823.0078125
2824.35546875
2825.66015625
2826.953125
2828.046875
2829.3671875
2886.66796875
2831.609375
2832.93359375
2834.01953125
2835.3125
2836.5625
2837.88671875
2839.2265625
2880.14453125
2880.14453125
2880.14453125
2880.14453125
2880.14453125
2881.9375
2895.5625
2906.671875
2917.3203125
2899.53125
2919.171875
2919.171875
2919.171875
2919.171875
2919.171875
2842.734375
2848.06640625
2848.06640625
2848.06640625
2848.06640625
2848.06640625
2848.06640625
2848.06640625
2850.0390625
2850.0390625
2850.0390625
2850.0390625
2850.0390625
2850.0390625
2850.0390625
2850.0390625
2850.0390625
2852.0
2852.0
2852.00390625
2852.00390625
2852.00390625
2852.00390625
2852.00390625
2852.00390625
2941.96484375
2852.0078125
2872.59765625
2855.95703125
2863.90234375
2869.77734375
2871.77734375
2875.77734375
2883.77734375
2883.77734375
2899.77734375
2938.83203125
2991.55078125
2991.55078125
2904.38671875
2930.17578125
2955.08203125
2980.5546875
3005.6484375
2864.30078125
2865.51171875
2867.26953125
2868.40625
2869.51171875
2870.609375
2871.69921875
2872.79296875
2873.91796875
2878.33984375
2876.171875
2877.2578125
2880.984375
2879.45703125
2880.546875
2881.60546875
2882.73828125
2883.75
2884.9296875
2891.35546875
2887.21484375
2888.44921875
2889.5234375
2890.6875
2891.84375
2892.90234375
2894.05078125
2895.1953125
2896.18359375
2897.30859375
2898.4765625
2899.5
2900.70703125
2901.8125
2903.015625
2903.98046875
2905.13671875
2906.2109375
2907.29296875
2909.66015625
2909.421875
2910.60546875
2911.69921875
2912.8671875
2914.00390625
2914.90625
2916.046875
2917.21484375
2918.26953125
2919.38671875
2920.390625
2921.4140625
2922.62109375
2923.8125
2924.92578125
2926.1015625
2953.37109375
2930.9921875
2929.34765625
2930.51953125
2931.72265625
2932.765625
2933.96484375
2966.05078125
2936.140625
2937.19921875
2938.390625
2939.5859375
2940.74609375
2941.8359375
2943.03125
2943.9609375
2945.2109375
2946.28125
2947.50390625
2948.703125
2949.890625
2950.94140625
2952.140625
2953.359375
2954.15625
2955.39453125
2956.453125
2957.6796875
2958.91015625
2960.12890625
2961.32421875
2962.359375
2963.56640625
2964.76953125
2965.61328125
2966.7890625
2967.9921875
2968.99609375
2970.1875
2971.40625
2972.54296875
2973.75
2974.75390625
2975.94140625
2977.15625
2977.921875
2979.140625
2980.40234375
3011.31640625
2982.59375
2983.765625
2984.9609375
2986.18359375
2987.36328125
2988.53515625
2989.484375
2990.66796875
2991.890625
2992.62890625
2993.84375
2995.03125
2996.234375
2997.1953125
2998.3828125
2999.5546875
3000.7578125
3001.95703125
3003.16015625
3004.390625
3005.19921875
3006.26953125
3007.390625
3008.01171875
3009.04296875
3010.2421875
3011.3984375
3012.546875
3013.6953125
3014.5859375
3015.73828125
3016.79296875
3017.91796875
3019.05078125
3020.2578125
3021.45703125
3022.640625
3023.58984375
3024.76171875
3058.015625
3026.57421875
3027.7734375
3028.98828125
3030.18359375
3031.328125
3032.51953125
3033.42578125
3034.6171875
3035.79296875
3036.96484375
3038.18359375
3039.35546875
3040.55078125
3041.7421875
3042.89453125
3043.75
3044.95703125
3098.84765625
3046.69140625
3047.90625
3049.078125
3050.26171875
3051.4375
3052.65234375
3053.859375
3054.70703125
3055.91015625
3057.12109375
3058.3125
3059.44921875
3060.6328125
3061.83203125
3063.05078125
3064.23046875
3065.39453125
3074.0390625
3067.41796875
3068.60546875
3069.109375
3070.328125
3071.484375
3072.6796875
3073.84375
3075.0234375
3076.234375
3077.4140625
3078.57421875
3079.3828125
3080.578125
3081.7421875
3082.9453125
3084.17578125
3085.39453125
3086.66015625
3087.859375
3089.0859375
3090.2265625
3091.4296875
3109.03125
3093.5078125
3228.75
3095.15625
3096.328125
3097.515625
3098.6875
3099.7890625
3100.96875
3102.109375
3103.23046875
3104.4140625
3105.55078125
3106.6796875
3107.3828125
3108.50390625
3109.48828125
3110.6171875
3111.7734375
3112.87890625
3114.015625
3115.1953125
3116.3203125
3117.375
3118.46875
3119.5234375
3120.28515625
3121.23046875
3136.48046875
3122.51171875
3261.03125
3123.4921875
3124.6640625
3125.5546875
3126.54296875
3127.55859375
3128.62890625
3129.73046875
3130.85546875
3131.953125
3133.0703125
3133.984375
3135.0625
3135.90625
3136.83984375
3137.8984375
3138.484375
3139.265625
3139.921875
3140.77734375
3141.71875
3142.43359375
3143.2734375
3144.3671875
3145.45703125
3146.6171875
3147.71875
3148.7109375
3149.7421875
3150.859375
3151.98046875
3153.1328125
3154.25390625
3183.34765625
3158.546875
3155.82421875
3156.8125
3157.8046875
3158.68359375
3159.5546875
3160.40234375
3161.30859375
3162.28125
3163.04296875
3163.875
3164.81640625
3165.63671875
3166.46875
3167.4609375
3168.34375
3169.22265625
3170.02734375
3170.765625
3171.390625
3172.18359375
3172.91015625
3223.46484375
3173.8984375
3174.94140625
3175.703125
3176.5703125
3177.5546875
3178.45703125
3179.359375
3180.24609375
3181.0546875
3181.83203125
3182.48046875
3183.52734375
3184.55859375
3185.62890625
3186.71875
3187.5390625
3188.34765625
3189.35546875
3190.22265625
3191.171875
3336.1328125
3192.0
3233.609375
3193.19921875
3194.12109375
3194.94140625
3195.83203125
3196.7265625
3197.73046875
3198.6953125
3199.66796875
3200.62890625
3201.66796875
3202.6875
3203.7421875
3204.65625
3205.7109375
3206.72265625
3207.7421875
3208.8671875
3209.875
3210.91796875
3211.96875
3213.0390625
3213.53125
3214.62109375
3215.65234375
3216.5546875
3217.50390625
3218.46484375
3219.45703125
3220.421875
3221.4140625
3222.31640625
3223.3515625
3224.203125
3225.140625
3226.171875
3227.12109375
3228.15234375
3228.96484375
3230.04296875
3231.14453125
3232.19921875
3418.796875
3233.015625
3233.98828125
3235.046875
3235.50390625
3236.56640625
3237.56640625
3238.62890625
3239.6484375
3240.69140625
3241.72265625
3242.76953125
3243.91796875
3245.04296875
3246.13671875
3247.2421875
3248.34765625
3249.4140625
3250.55078125
3251.60546875
3252.765625
3253.87890625
3254.98046875
3256.10546875
3257.265625
3276.671875
3258.89453125
3260.02734375
3261.0703125
3262.25390625
3263.3359375
3264.49609375
3265.64453125
3266.76953125
3267.87890625
3269.04296875
3270.1796875
3271.2890625
3272.45703125
3273.6328125
3274.67578125
3275.55859375
3276.5859375
3277.65234375
3311.31640625
3386.1484375
3279.5625
3280.69921875
3281.77734375
3282.84375
3283.25390625
3284.34375
3285.44140625
3286.54296875
3287.6015625
3288.64453125
3289.75390625
3290.8203125
3291.9609375
3293.05859375
3294.17578125
3295.2890625
3296.37890625
3297.52734375
3298.62890625
3299.70703125
3300.8359375
3301.9375
3302.9765625
3304.05078125
3305.1484375
3306.19921875
3307.31640625
3308.4140625
3396.4921875
3309.859375
3310.95703125
3312.0703125
3313.1640625
3314.23828125
3315.38671875
3316.45703125
3317.53515625
3318.5625
3319.65234375
3320.80078125
3321.8828125
3322.94921875
3323.9765625
3325.0234375
3326.07421875
3327.09375
3328.11328125
3329.08984375
3330.0390625
3513.96875
3330.71484375
3331.78515625
3332.84765625
3333.87109375
3334.81640625
3335.8515625
3336.89453125
3337.1484375
3338.16796875
3339.19140625
3340.26953125
3341.359375
3342.42578125
3343.53515625
3344.65234375
3345.68359375
3346.80859375
3347.91796875
3349.03125
3350.16015625
3351.28125
3352.44140625
3353.58203125
3354.71484375
3355.90234375
3357.05078125
3358.23828125
3359.375
3360.51953125
3361.671875
3362.8203125
3363.9765625
3365.15234375
3366.27734375
3366.6171875
3367.75390625
3368.93359375
3370.0625
3371.1875
3372.359375
3373.5390625
3374.69140625
3375.83984375
3376.98828125
3378.109375
3379.2734375
3380.4296875
3381.58203125
3382.6875
3383.8671875
3385.00390625
3386.171875
3387.33984375
3388.42578125
3588.09765625
3388.89453125
3391.0234375
3392.15234375
3393.3359375
3394.53125
3395.67578125
3396.84375
3398.01171875
3474.62109375
3399.4296875
3400.59375
3401.7578125
3402.91796875
3404.08203125
3405.265625
3406.40625
3407.56640625
3408.7421875
3409.92578125
3411.015625
3412.15625
3413.3203125
3414.51953125
3415.60546875
3416.8046875
3417.96484375
3419.15625
3420.2890625
3421.41796875
3422.5703125
3423.74609375
3424.796875
3425.91796875
3427.06640625
3428.23046875
3429.37890625
3430.484375
3431.65625
3556.9140625
3432.9921875
3434.1796875
3435.31640625
3436.4609375
3437.62109375
3438.7734375
3439.8984375
3441.08203125
3442.24609375
3443.3984375
3444.53515625
3445.69921875
3446.8515625
3448.0078125
3449.13671875
3450.359375
3451.51953125
3452.6796875
3453.84375
3455.01953125
3676.34375
3455.3828125
3456.53125
3457.734375
3458.890625
3460.046875
3461.18359375
3462.30859375
3463.5078125
3464.68359375
3465.859375
3467.04296875
3582.8828125
3468.3359375
3469.48046875
3470.64453125
3471.79296875
3472.94921875
3474.12109375
3475.2578125
3476.390625
3476.484375
3477.59375
3478.70703125
3479.85546875
3480.9609375
3482.0859375
3483.19921875
3484.2734375
3485.40625
3483.1875
3483.1875
3483.1875
3483.1875
3483.1875
3483.1875
3483.1875
3483.1875
3483.1875
3483.1875
3483.1875
3483.1875
3483.1875
3483.1875
3483.1875
3483.1875
3483.1875
3483.1875
3483.1875
3483.1875
3483.1875
3483.1875
3483.1875
3483.1875
3483.1875
3483.1875
3483.1875
3483.1875
3483.1875
3483.1875
3483.1875
3483.1875
3486.87109375
3520.1015625
3553.21484375
3586.82421875
3619.66796875
3652.75
3686.4140625
3690.203125
3422.4296875
3508.08984375
3690.203125
3690.203125
3690.203125
3690.203125
3690.203125
3690.203125
3690.203125
3690.203125
3690.203125
3690.203125
3690.203125
3690.203125
3690.203125
3690.203125
3690.203125
3690.203125
3690.203125
3690.203125
3690.203125
3690.203125
3690.203125
3690.203125
3690.203125
3690.203125
3690.203125
3690.203125
3506.046875
3564.66796875
3584.37109375
3855.73828125
3925.1328125
3926.92578125
3928.6875
3930.53515625
3932.26953125
3934.06640625
3847.1796875
3511.57421875
3186.921875
2686.6953125
