2686.6953125
2686.6953125
2718.45703125
2718.9765625
2718.9765625
2695.98046875
2684.53515625
2687.44140625
2691.9609375
2693.19140625
2694.4140625
2695.6328125
2701.77734375
2703.03125
2704.20703125
2705.421875
2706.5703125
2707.828125
2709.1015625
2710.2890625
2715.8515625
2712.78515625
2713.9296875
2715.22265625
2726.26171875
2727.515625
2728.7734375
2729.94140625
2731.17578125
2732.3828125
2733.5859375
2734.83203125
2736.0390625
2737.12890625
2738.2734375
2739.5546875
2740.6171875
2741.88671875
2743.08203125
2744.35546875
2745.41015625
2746.69921875
2747.90625
2749.22265625
2750.2890625
2751.45703125
2752.71484375
2753.88671875
2755.2109375
2756.30859375
2757.5625
2758.875
2760.05078125
2761.359375
2762.56640625
2763.5078125
2764.796875
2766.07421875
2767.234375
2788.0078125
2789.30859375
2790.3515625
2791.53125
2792.83203125
2794.1015625
2795.4140625
2796.5625
2797.87109375
2798.89453125
2799.99609375
2801.31640625
2802.58203125
2803.828125
2804.91796875
2806.171875
2807.50390625
2808.40625
2809.67578125
2810.80859375
2812.06640625
2813.390625
2814.5703125
2815.6171875
2816.75390625
2817.984375
2818.86328125
2820.10546875
2821.1328125
2822.390625
2823.62890625
2824.86328125
2826.03515625
2856.43359375
2828.1875
2829.421875
2896.9140625
2831.5625
2832.8515625
2833.90625
2835.18359375
2836.484375
2837.7421875
2839.03125
2840.28515625
2841.3046875
2842.546875
2843.8125
2844.62109375
2845.91015625
2847.1953125
2848.2421875
2849.5390625
2850.8046875
2852.0703125
2853.328125
2854.62890625
2855.66015625
2856.92578125
2858.15625
2858.91796875
2860.2265625
2861.47265625
2862.73828125
2906.08203125
2865.0546875
2866.34375
2867.625
2868.9375
2870.203125
2871.46484375
2898.25
2873.76171875
2875.0546875
2949.4921875
2877.01171875
2878.28515625
2879.5390625
2880.8203125
2903.19140625
2883.0546875
2884.30078125
2885.55078125
2886.8046875
2888.09375
2889.3515625
2890.625
2891.90234375
2892.828125
2894.1171875
3005.96484375
2895.99609375
2897.28125
2898.53515625
2899.77734375
2900.953125
2902.19140625
2903.140625
2904.4296875
2905.70703125
2906.98828125
2908.3125
2909.5859375
2910.88671875
2991.55078125
2952.4453125
2968.83203125
2954.640625
2955.8828125
2956.46875
2957.72265625
2959.04296875
2960.2890625
2961.5625
2962.80859375
2964.09375
2965.40625
2966.30078125
2967.55078125
2968.828125
2970.10546875
2971.4140625
2972.6953125
2973.98828125
2975.2734375
2976.5546875
2977.91015625
2978.765625
2980.08203125
2980.5625
2981.859375
2983.171875
2984.4375
2985.73828125
2987.04296875
2988.30859375
2989.57421875
2990.828125
2991.6953125
2992.9453125
2994.1796875
2995.44140625
2996.67578125
3076.69140625
3076.69140625
3076.69140625
3076.69140625
3076.69140625
3076.69140625
3076.69140625
3076.69140625
3076.69140625
3076.69140625
3076.80078125
3092.0
3105.50390625
3118.53515625
3131.1484375
3143.7578125
3154.4921875
3063.0703125
3154.4921875
3154.4921875
3154.4921875
3154.4921875
3154.4921875
3154.4921875
3154.4921875
3154.4921875
3154.4921875
3154.4921875
3001.953125
3008.93359375
3008.93359375
3008.93359375
3008.93359375
3008.93359375
3010.46875
3010.46875
3010.46875
3010.46875
3010.46875
3010.46875
3012.0
3012.0
3012.0
3012.0
3012.0
3012.0
3012.0
3012.0
3012.0
3012.0
3012.0
3012.0
3012.0
3012.0
3012.0
3012.0
3015.0546875
3015.0546875
3015.0546875
3014.0078125
3015.05859375
3015.05859375
3015.05859375
3015.05859375
3015.05859375
3015.05859375
3015.05859375
3015.05859375
3015.05859375
3204.73828125
3015.05859375
3015.05859375
3015.05859375
3152.2890625
3013.4140625
3029.69140625
3034.35546875
3040.21875
3043.0859375
3045.0859375
3049.0859375
3057.0859375
3057.0859375
3073.0859375
3073.0859375
3073.0859375
3073.0859375
3073.0859375
3253.90625
3253.90625
3253.90625
3253.90625
3253.90625
3253.90625
3253.90625
3253.90625
3253.90625
3253.90625
3097.48828125
3114.48046875
3131.171875
3147.796875
3164.23828125
3181.1015625
3197.71875
3213.6796875
3230.82421875
3247.5703125
3264.48046875
3280.2109375
3296.58203125
3013.625
3014.66015625
3015.42578125
3017.4296875
3018.58203125
3019.671875
3020.7734375
3021.88671875
3023.01171875
3024.09765625
3025.23828125
3026.39453125
3027.49609375
3030.33203125
3029.6796875
3030.765625
3031.8828125
3032.9453125
3034.01171875
3036.6875
3036.28515625
3037.328125
3038.48828125
3039.6171875
3040.71484375
3041.81640625
3042.9296875
3044.01171875
3045.11328125
3046.296875
3047.29296875
3048.44921875
3049.57421875
3050.703125
3051.77734375
3052.9609375
3054.0703125
3055.2578125
3056.18359375
3057.37109375
3058.46875
3059.59765625
3060.61328125
3061.6796875
3062.859375
3063.96484375
3065.09375
3066.265625
3067.1171875
3068.3046875
3069.484375
3070.57421875
3071.78125
3072.90625
3073.81640625
3074.98046875
3076.1640625
3077.35546875
3078.39453125
3079.53125
3100.3984375
3095.18359375
3082.70703125
3083.86328125
3085.0625
3086.12109375
3087.3203125
3088.50390625
3089.41015625
3090.39453125
3091.51953125
3092.69140625
3093.90625
3095.05859375
3096.109375
3097.29296875
3145.671875
3099.33203125
3100.33203125
3101.52734375
3102.71875
3103.90234375
3105.109375
3106.046875
3107.27734375
3108.484375
3109.33203125
3110.48046875
3111.4296875
3112.53125
3113.609375
3114.765625
3115.94140625
3117.109375
3117.96484375
3119.08203125
3120.26171875
3121.0234375
3122.03515625
3123.1484375
3124.015625
3125.16015625
3126.34375
3127.4921875
3128.71484375
3129.88671875
3146.86328125
3132.03125
3133.19140625
3192.6953125
3135.1328125
3136.29296875
3137.5
3138.44140625
3139.65625
3140.81640625
3141.98046875
3143.1640625
3144.3359375
3145.51953125
3146.4453125
3147.6015625
3148.78515625
3149.5
3150.6953125
3151.87890625
3153.0078125
3154.21484375
3155.13671875
3156.34375
3157.5390625
3158.69921875
3159.87109375
3161.04296875
3162.21875
3163.109375
3164.3046875
3165.484375
3225.1875
3167.3125
3168.49609375
3169.61328125
3170.7578125
3171.9453125
3172.84375
3174.03125
3175.19921875
3176.375
3177.56640625
3178.73046875
3179.83984375
3181.00390625
3182.2421875
3183.13671875
3184.328125
3248.6171875
3186.08984375
3187.28515625
3188.4453125
3189.640625
3190.8359375
3191.98046875
3192.875
3194.05859375
3195.25390625
3196.4140625
3197.5859375
3198.79296875
3199.97265625
3201.1015625
3202.28515625
3203.45703125
3204.3125
3205.484375
3206.6640625
3207.19140625
3208.37890625
3209.58203125
3210.75390625
3211.94921875
3213.04296875
3214.2109375
3215.39453125
3216.203125
3217.40234375
3218.59375
3219.75390625
3220.94140625
3222.109375
3223.26171875
3224.453125
3225.625
3226.77734375
3227.9375
3228.75390625
3229.90234375
3289.046875
3231.5078125
3232.5859375
3233.64453125
3234.80078125
3235.9375
3237.06640625
3238.22265625
3239.3046875
3240.4140625
3241.48046875
3242.11328125
3243.25
3244.34765625
3245.421875
3246.578125
3247.66015625
3248.8203125
3249.9921875
3251.1171875
3252.21484375
3253.33984375
3254.484375
3255.6640625
3256.45703125
3257.57421875
3352.37109375
3259.07421875
3260.265625
3261.4140625
3262.6015625
3263.78125
3264.93359375
3266.1484375
3267.35546875
3268.5390625
3269.72265625
3270.8828125
3271.609375
3272.76953125
3273.98046875
3275.1015625
3276.19140625
3277.34375
3278.43359375
3279.48828125
3280.62109375
3281.78515625
3282.9765625
3284.125
3285.28515625
3286.37890625
3287.48828125
3288.1015625
3464.421875
3289.4375
3290.59765625
3291.76953125
3292.89453125
3294.0859375
3295.25
3296.3359375
3297.46484375
3298.49609375
3299.59375
3300.6953125
3301.85546875
3303.04296875
3304.21484375
3304.8828125
3306.07421875
3307.26171875
3308.44140625
3309.6484375
3310.83203125
3312.01953125
3313.1796875
3314.3046875
3315.4609375
3316.6015625
3317.7109375
3318.8125
3319.94140625
3321.0390625
3322.14453125
3425.21875
3455.63671875
3323.8671875
3324.96484375
3326.0546875
3327.19140625
3328.234375
3329.31640625
3330.4296875
3331.5390625
3332.640625
3333.72265625
3334.80078125
3335.87890625
3336.953125
3338.08203125
3339.1796875
3340.30859375
3341.5
3433.58203125
3343.0
3344.10546875
3345.3125
3346.49609375
3347.515625
3348.51171875
3349.53125
3350.60546875
3351.6640625
3352.796875
3353.890625
3354.953125
3356.0
3357.125
3358.25390625
3359.453125
3360.35546875
3361.35546875
3577.39453125
3362.3359375
3362.88671875
3363.9453125
3365.0234375
3366.09765625
3367.2578125
3368.3359375
3369.40625
3370.50390625
3371.65625
3372.84765625
3374.01171875
3375.203125
3376.35546875
3377.52734375
3378.68359375
3379.87109375
3381.0390625
3382.203125
3383.3828125
3395.46484375
3385.046875
3386.24609375
3387.390625
3388.578125
3389.75
3390.95703125
3392.16015625
3393.34375
3394.4921875
3395.6796875
3396.82421875
3397.98828125
3399.15625
3400.33203125
3401.48046875
3402.6875
3403.859375
3404.984375
3646.44140625
3406.01171875
3407.17578125
3407.69921875
3408.828125
3410.01953125
3411.19140625
3412.3515625
3413.53515625
3414.671875
3415.8125
3416.984375
3418.17578125
3419.328125
3420.49609375
3421.66796875
3422.81640625
3423.9921875
3425.1484375
3426.328125
3427.46875
3428.6171875
3429.7890625
3430.9296875
3432.01953125
3432.42578125
3433.46875
3434.55078125
3435.640625
3436.73828125
3437.90234375
3438.96484375
3440.06640625
3441.2421875
3442.37890625
3443.46875
3444.546875
3445.71484375
3446.87890625
3448.00390625
3449.08203125
3450.20703125
3451.375
3452.52734375
3453.6875
3664.7890625
3454.57421875
3455.73828125
3456.76953125
3457.87109375
3602.359375
3459.4375
3460.59765625
3461.65625
3462.65234375
3463.4609375
3464.4296875
3465.4765625
3466.52734375
3467.6171875
3468.6171875
3469.70703125
3470.71484375
3471.81640625
3472.9375
3474.03125
3475.16796875
3476.32421875
3477.47265625
3478.61328125
3479.72265625
3480.79296875
3481.91796875
3483.02734375
3484.08203125
3485.1953125
3490.3125
3486.6484375
3487.77734375
3488.9140625
3489.9296875
3491.03515625
3492.13671875
3493.28125
3494.38671875
3495.51171875
3496.671875
3497.8203125
3498.953125
3500.08203125
3501.18359375
3502.31640625
3503.46875
3504.53125
3505.68359375
3506.796875
3507.89453125
3509.046875
3775.50390625
3509.6796875
3510.80078125
3511.9140625
3513.03125
3514.17578125
3515.3359375
3678.90625
3516.68359375
3517.796875
3518.87890625
3520.0
3521.16015625
3522.265625
3523.4140625
3524.5234375
3525.68359375
3526.84765625
3527.98046875
3529.10546875
3530.2421875
3531.3671875
3532.515625
3533.57421875
3534.68359375
3535.80078125
3536.94140625
3538.046875
3539.18359375
3540.33203125
3541.4375
3542.60546875
3543.6953125
3544.84375
3545.96875
3547.10546875
3547.28515625
3548.39453125
3549.53515625
3550.6953125
3551.76953125
3553.8671875
3554.9921875
3556.109375
3557.2578125
3558.40625
3559.50390625
3560.6484375
3561.78125
3562.890625
3564.03125
3565.1796875
3566.30859375
3567.44921875
3568.59765625
3569.7109375
3570.83984375
3571.953125
3831.37890625
3572.37890625
3573.53125
3574.66015625
3575.7734375
3576.87890625
3578.046875
3579.17578125
3580.31640625
3581.46484375
3581.65625
3582.80078125
3583.921875
3585.0234375
3586.18359375
3587.30859375
3588.4296875
3589.53515625
3590.59375
3591.73828125
3592.84375
3593.9921875
3595.0703125
3596.125
3597.15234375
3598.2734375
3599.46484375
3600.609375
3601.7421875
3602.8671875
3603.99609375
3605.1328125
3606.2578125
3607.34375
3608.46484375
3609.59765625
3610.7109375
3611.8359375
3612.9609375
3614.0234375
3615.15625
3616.3203125
3692.37109375
3617.45703125
3618.61328125
3619.72265625
3620.90234375
3622.05859375
3623.22265625
3624.3515625
3625.51171875
3626.5234375
3627.58203125
3628.671875
3629.671875
3630.7734375
3631.90234375
3632.8984375
3633.98046875
3635.0546875
3636.20703125
3637.30859375
3638.44140625
3639.53125
3640.61328125
3641.73828125
3902.859375
3641.984375
3643.1484375
3644.26171875
3645.390625
3646.5625
3647.67578125
3648.80859375
3649.95703125
3651.0234375
3652.18359375
3650.28125
3650.28125
3650.28125
3650.28125
3650.28125
3650.28125
3650.28125
3650.28125
3650.28125
3650.28125
3650.28125
3650.28125
3650.28125
3650.28125
3650.28125
3650.28125
3650.28125
3650.28125
3650.28125
3650.28125
3650.28125
3650.28125
3650.28125
3650.28125
3650.28125
3650.28125
3650.28125
3650.28125
3650.28125
3650.28125
3650.28125
3650.28125
3650.28125
3650.28125
3650.28125
3650.28125
3658.65234375
3682.59765625
3705.41015625
3728.22265625
3752.0390625
3776.08984375
3802.0078125
3828.8125
3855.27734375
3862.8828125
3862.8828125
3465.75
3709.2109375
3862.8828125
3862.8828125
3862.8828125
3862.8828125
3862.8828125
3862.8828125
3862.8828125
3862.8828125
3862.8828125
3862.8828125
3862.8828125
3862.8828125
3862.8828125
3862.8828125
3862.890625
3862.890625
3862.890625
3862.890625
3862.890625
3862.890625
3862.890625
3862.890625
3862.890625
3862.890625
3862.890625
3862.890625
3862.890625
3687.6953125
3803.0859375
3812.82421875
3812.82421875
3668.7890625
3812.359375
4059.96875
4120.51171875
4121.796875
4122.91796875
4124.078125
4125.3203125
4126.6015625
4127.90234375
4129.3359375
4130.7109375
3689.953125
3653.37109375
2686.71875
