2686.71875
2686.71875
2718.46875
2733.734375
2730.48046875
2730.43359375
2730.43359375
2730.43359375
2698.41015625
2699.80859375
2702.4375
2704.234375
2707.6953125
2708.6640625
2710.96875
2710.625
2711.59765625
2717.4140625
2718.37890625
2719.2890625
2720.30078125
2721.3046875
2722.234375
2723.203125
2724.25
2725.31640625
2726.3359375
2727.41015625
2728.50390625
2729.58984375
2730.69140625
2741.609375
2742.625
2743.66015625
2752.8203125
2745.58203125
2746.57421875
2747.50390625
2748.21484375
2749.19140625
2750.1171875
2751.1953125
2752.12109375
2753.01171875
2753.73828125
2754.73046875
2755.56640625
2756.45703125
2757.62890625
2758.78515625
2759.8984375
2760.83984375
2762.046875
2763.109375
2764.26171875
2765.41015625
2766.296875
2767.328125
2768.453125
2769.5078125
2770.68359375
2771.64453125
2772.65234375
2773.8671875
2775.0078125
2776.02734375
2777.1171875
2778.0859375
2779.17578125
2780.328125
2781.55859375
2782.60546875
2803.28125
2804.44140625
2832.89453125
2806.5390625
2807.7109375
2808.859375
2810.06640625
2811.10546875
2812.32421875
2813.4609375
2814.234375
2837.0234375
2816.29296875
2817.13671875
2818.125
2819.203125
2830.89453125
2821.04296875
2822.16796875
2841.0
2824.03125
2825.1328125
2826.2578125
2827.48046875
2828.58984375
2829.671875
2830.65234375
2831.7421875
2832.9609375
2833.8046875
2834.9296875
2836.046875
2836.9609375
2838.14453125
2839.36328125
2840.55078125
2841.80078125
2842.80859375
2844.05078125
2845.22265625
2845.9921875
2847.16796875
2848.40625
2849.2265625
2850.328125
2851.453125
2852.59375
2853.76171875
2854.8671875
2855.8125
2856.90625
2858.04296875
2881.1328125
2859.90625
2861.109375
2862.29296875
2863.234375
2864.453125
2865.66015625
2866.8515625
2868.07421875
2869.2421875
2870.44140625
2871.42578125
2872.64453125
2873.83984375
2874.62109375
2875.9453125
2877.16796875
2878.38671875
2879.30078125
2880.4453125
2881.72265625
2882.80078125
2884.0234375
2885.2890625
2886.54296875
2887.76953125
2888.671875
2889.9140625
2891.07421875
2891.4921875
2892.58984375
2893.72265625
2894.72265625
2895.94140625
2896.83984375
2897.5703125
2898.5390625
2899.3046875
2900.2421875
2901.22265625
2901.99609375
2902.95703125
2904.05078125
2905.0078125
2905.9453125
2907.05859375
2907.7890625
2908.88671875
2909.90625
2910.36328125
2911.4296875
2912.5703125
2913.70703125
2914.796875
2915.8984375
2916.96484375
2917.74609375
2918.828125
2920.0
2921.11328125
2922.33203125
2923.48046875
2924.60546875
2925.7734375
2940.25
2966.8515625
2967.98046875
2983.015625
2969.796875
2970.83203125
2971.62109375
2972.03515625
2973.1484375
2974.05078125
2975.08203125
2976.1796875
2977.33203125
2978.46484375
2979.6015625
2980.796875
2981.57421875
2982.734375
2983.96484375
2985.1953125
2986.44921875
2987.7265625
2988.9765625
2990.23046875
2991.46484375
2992.7265625
2993.5859375
2994.8359375
3067.01171875
2996.546875
2997.78125
2999.01953125
3000.2734375
3001.5546875
3002.796875
3003.9453125
3005.25390625
3006.53515625
3007.375
3008.6171875
3009.828125
3010.99609375
3012.1953125
3013.42578125
3014.65625
3015.8515625
3017.10546875
3018.3203125
3019.45703125
3020.703125
3021.453125
3022.66796875
3022.97265625
3024.1796875
3025.375
3026.5625
3027.828125
3028.94921875
3030.14453125
3031.33984375
3032.51171875
3033.72265625
3034.94140625
3036.16015625
3036.8828125
3038.1328125
3039.34375
3040.5625
3041.80078125
3042.96484375
3044.1875
3045.44921875
3046.68359375
3047.93359375
3049.12109375
3050.29296875
3051.453125
3093.0078125
3053.26953125
3053.50390625
3054.64453125
3055.7890625
3057.015625
3058.22265625
3059.3828125
3060.6015625
3061.8125
3063.0078125
3064.21484375
3065.4765625
3066.65234375
3067.80859375
3069.07421875
3069.74609375
3070.94140625
3072.0859375
3073.31640625
3074.453125
3075.640625
3076.8828125
3078.1015625
3079.28515625
3080.55859375
3081.765625
3082.9765625
3084.1953125
3085.42578125
3086.62109375
3098.296875
3231.78515625
3088.578125
3089.81640625
3091.0234375
3092.21875
3093.41796875
3094.6328125
3095.8515625
3097.08203125
3098.2890625
3099.5078125
3100.6953125
3101.9375
3103.15234375
3104.34765625
3105.578125
3106.77734375
3107.31640625
3108.44140625
3109.56640625
3110.74609375
3111.9296875
3113.125
3114.32421875
3115.5078125
3116.7109375
3117.9453125
3119.17578125
3120.39453125
3121.578125
3122.84375
3124.109375
3125.33984375
3134.71875
3144.546875
3152.48828125
3128.3046875
3129.58984375
3130.84765625
3132.0546875
3133.3046875
3134.46484375
3135.70703125
3136.90234375
3138.1328125
3139.36328125
3140.59765625
3141.7890625
3143.03125
3144.2421875
3145.50390625
3146.73828125
3148.0
3149.22265625
3149.66796875
3150.81640625
3151.89453125
3153.015625
3154.12109375
3155.24609375
3156.34375
3157.5078125
3158.66015625
3159.8828125
3161.08984375
3162.296875
3163.4140625
3164.69140625
3165.89453125
3167.12890625
3168.37109375
3169.59765625
3362.921875
3170.61328125
3171.76953125
3258.23828125
3173.453125
3174.625
3175.83203125
3177.02734375
3178.19140625
3179.41015625
3180.58203125
3181.78515625
3182.94921875
3184.1171875
3185.29296875
3186.5
3187.703125
3188.92578125
3190.12890625
3191.33984375
3192.4765625
3193.5625
3194.69921875
3195.82421875
3196.9375
3197.33984375
3198.4375
3199.55078125
3200.6796875
3201.87109375
3203.125
3204.30859375
3205.49609375
3206.6640625
3207.83984375
3209.05859375
3210.30078125
3211.50390625
3212.69921875
3213.90625
3215.12890625
3216.34765625
3217.515625
3218.703125
3432.03125
3219.37109375
3220.49609375
3221.640625
3222.80078125
3345.8828125
3224.234375
3225.3203125
3226.43359375
3227.609375
3228.8359375
3230.05859375
3231.2421875
3232.4609375
3233.72265625
3234.9453125
3236.1953125
3237.390625
3238.56640625
3239.7578125
3240.96484375
3242.08984375
3243.30859375
3244.4609375
3245.73828125
3246.8359375
3247.953125
3249.07421875
3250.16796875
3257.6875
3251.46875
3252.4375
3253.484375
3254.59765625
3255.75390625
3256.91796875
3258.08984375
3259.29296875
3260.44140625
3261.6015625
3262.84375
3264.078125
3265.25
3266.46484375
3267.6640625
3268.76171875
3269.8515625
3270.93359375
3272.01953125
3273.16796875
3335.46875
3471.20703125
3275.03515625
3276.25
3277.46875
3278.66796875
3279.81640625
3328.20703125
3281.26953125
3282.47265625
3283.671875
3284.7734375
3285.875
3286.94140625
3288.078125
3289.21484375
3290.34765625
3291.5
3292.57421875
3293.7578125
3294.98046875
3296.234375
3297.42578125
3298.6328125
3299.83984375
3301.0390625
3302.29296875
3303.53125
3304.75390625
3305.9921875
3307.2578125
3308.48046875
3309.6953125
3310.921875
3312.109375
3312.3125
3313.4140625
3314.58203125
3315.68359375
3316.77734375
3317.85546875
3318.96875
3320.046875
3321.16015625
3322.4140625
3323.6171875
3324.875
3326.0
3327.19140625
3328.36328125
3329.5390625
3330.76953125
3331.984375
3333.1484375
3334.37890625
3335.60546875
3535.69140625
3336.0546875
3337.2265625
3338.26953125
3339.3359375
3365.87890625
3500.34765625
3420.78515625
3421.9375
3423.05078125
3424.21875
3425.390625
3425.6171875
3426.90234375
3428.1484375
3429.42578125
3430.7109375
3431.953125
3433.17578125
3434.2734375
3435.4609375
3436.6484375
3437.578125
3438.65625
3439.69140625
3440.70703125
3441.85546875
3443.12109375
3444.375
3445.60546875
3446.8125
3448.0546875
3449.23828125
3450.44921875
3452.6640625
3453.80078125
3454.9765625
3456.13671875
3457.2890625
3458.44921875
3459.60546875
3460.75
3461.9296875
3462.0625
3463.30859375
3464.59765625
3465.8046875
3467.0859375
3468.2734375
3469.48046875
3470.7421875
3472.0078125
3473.203125
3474.41015625
3475.62109375
3476.73828125
3477.875
3478.9921875
3480.1484375
3481.28125
3482.44140625
3483.60546875
3484.796875
3486.03125
3612.48828125
3859.8359375
3487.48828125
3488.7109375
3489.984375
3491.1484375
3492.40234375
3493.63671875
3494.87890625
3496.13671875
3497.296875
3498.4375
3499.609375
3545.85546875
3500.78515625
3501.93359375
3503.125
3504.26953125
3505.51953125
3506.79296875
3508.04296875
3509.3203125
3510.61328125
3511.84375
3513.1015625
3514.3359375
3515.57421875
3516.8359375
3518.07421875
3519.35546875
3520.5546875
3521.71484375
3522.890625
3524.05078125
3525.19140625
3526.33984375
3527.51171875
3528.6640625
3529.8828125
3531.1328125
3532.3984375
3533.69140625
3534.9765625
3536.328125
3537.55078125
3538.7734375
3614.78515625
3540.0703125
3541.22265625
3542.48046875
3543.62109375
3544.75390625
3545.859375
3546.98828125
3548.0546875
3549.1796875
3550.2734375
3551.328125
3552.46484375
3553.6328125
3554.7109375
3555.90625
3557.11328125
3558.2890625
3559.546875
3560.7109375
3561.90625
3563.046875
3564.2890625
3631.953125
3928.68359375
3565.484375
3566.703125
3567.984375
3569.171875
3570.39453125
3571.66796875
3572.9609375
3574.11328125
3575.3359375
3576.42578125
3577.71484375
3578.9296875
3580.2265625
3581.40625
3641.4453125
3582.4375
3583.55859375
3584.65625
3585.7109375
3586.8515625
3588.01953125
3589.21875
3590.3828125
3591.48046875
3592.4921875
3593.75
3595.0078125
3596.171875
3597.22265625
3598.30859375
3599.38671875
3600.59375
3601.79296875
3602.6953125
3603.91796875
3604.91796875
3606.078125
3607.29296875
3608.2578125
3609.39453125
3610.609375
3611.70703125
3612.734375
3613.9296875
3615.140625
3616.37109375
3617.5234375
3618.7578125
3619.99609375
3621.21875
3622.4296875
3623.66015625
3624.84765625
3626.01953125
3627.25
3855.05859375
3628.19140625
3629.2578125
3630.31640625
3631.44921875
3632.546875
3633.66796875
3634.7890625
3635.8671875
3637.04296875
3638.234375
3639.4140625
3640.546875
3641.7265625
3642.86328125
3644.109375
3645.29296875
3646.43359375
3647.6171875
3648.76953125
3649.94140625
3651.16015625
3652.37890625
3664.80859375
3953.921875
4008.09765625
3654.29296875
3655.28125
3656.16015625
3657.14453125
3658.13671875
3659.22265625
3660.3046875
3661.421875
3662.578125
3663.6484375
3664.8359375
3666.0234375
3667.1796875
3668.41796875
3669.64453125
3670.80078125
3671.9921875
3673.20703125
3674.38671875
3676.91015625
3872.30078125
3676.5625
3677.71484375
3678.82421875
3679.8984375
3680.98828125
3682.078125
3683.1796875
3684.2890625
3685.37890625
3686.47265625
3687.60546875
3688.7890625
3689.9921875
3691.18359375
3692.37109375
3693.58203125
3694.78125
3695.953125
3697.15234375
3698.3125
3699.5
3700.58984375
3701.8125
3703.02734375
3704.125
3705.28515625
3706.375
3707.41015625
3708.46484375
3709.5234375
3710.578125
3711.5390625
3712.546875
3713.640625
3714.6875
3715.7109375
3716.8359375
3718.03125
3719.21875
3720.39453125
3721.5859375
3722.68359375
3723.76953125
3724.921875
3725.984375
3851.3984375
3726.76171875
3727.91796875
3729.078125
3730.1953125
3731.37890625
3732.4921875
3733.65234375
3734.78515625
3735.9765625
3737.203125
3738.41796875
3739.5234375
3740.6875
3741.80078125
3742.91796875
3744.00390625
3745.11328125
3746.203125
3747.3515625
3748.4453125
3749.58984375
3750.73046875
3751.953125
3800.0859375
4105.5078125
4140.55078125
3753.70703125
3754.8984375
3755.96875
3757.07421875
3758.1171875
3759.265625
3760.4609375
3761.671875
3762.84375
3764.0546875
3765.28515625
3766.3671875
3767.40234375
3768.5390625
3769.5390625
3770.55859375
3771.68359375
3772.80859375
3773.94921875
3775.07421875
3776.33203125
3777.5703125
3778.765625
3779.93359375
3846.03515625
3874.66796875
3782.03515625
3783.30078125
3784.59375
3785.79296875
3787.02734375
3788.26171875
3789.50390625
3790.7578125
3791.9765625
3793.109375
3794.2421875
3795.375
3796.5
3797.63671875
3798.77734375
3799.90234375
3800.99609375
3802.1640625
3803.390625
3804.625
3805.8671875
3807.09765625
3808.37890625
3809.62109375
3810.83984375
3812.05859375
3813.30859375
3814.5625
3815.8203125
3817.0078125
3818.26171875
3819.52734375
3820.75
3821.875
3822.96484375
3824.08203125
3825.23046875
3826.37109375
3827.47265625
3828.56640625
3829.66796875
3830.78125
3832.0078125
3833.19921875
3834.45703125
3835.703125
3836.9140625
3838.1640625
4037.87109375
3838.77734375
3840.03125
3841.2421875
3842.47265625
3843.671875
3844.92578125
3846.1953125
3847.4765625
3848.63671875
3849.75
3850.86328125
3851.94921875
3853.11328125
3854.21484375
3855.328125
3856.4453125
3857.60546875
3858.83984375
3860.1015625
3861.3359375
3862.5703125
3863.8359375
3939.65234375
4239.91015625
4534.3125
3865.23828125
3866.453125
3867.7109375
3868.9296875
3870.15625
3871.3984375
3872.6640625
3873.77734375
3874.88671875
3876.0078125
3877.16015625
3878.3046875
3879.4453125
3880.5625
3881.62109375
3882.75
3883.95703125
3885.2109375
3886.4453125
3887.703125
3888.93359375
3890.1875
3891.41796875
3892.6640625
3893.87109375
3895.1328125
3896.375
3897.6171875
3898.8515625
3960.16796875
4200.3203125
3900.56640625
3901.66796875
3902.76953125
3903.9140625
3905.03515625
3906.15625
3907.31640625
3908.4765625
3909.62890625
3910.86328125
3912.10546875
3913.359375
3914.640625
3915.8828125
3917.12890625
3918.375
3919.62890625
3920.859375
3922.11328125
3923.34765625
3924.58984375
3925.8359375
3927.05859375
3928.28125
3929.41796875
3930.55859375
3931.66796875
3932.796875
3933.9140625
3935.02734375
3936.07421875
3937.10546875
3938.13671875
3939.23046875
3940.42578125
3941.66015625
3942.8984375
3944.12109375
3945.3359375
3946.54296875
3947.6015625
3948.5390625
3949.6875
3950.82421875
3952.02734375
3953.265625
3954.51171875
3955.765625
3957.00390625
3958.11328125
3959.265625
3960.359375
3961.48828125
3962.6015625
3963.7265625
3964.8515625
4237.87109375
3965.1328125
3966.34765625
3967.59765625
3968.81640625
3970.07421875
3971.328125
3972.5625
3973.8203125
3975.05078125
3976.30859375
3977.52734375
3978.765625
3979.9921875
3981.27734375
3982.515625
3983.765625
3984.875
3985.99609375
3987.109375
3988.2265625
3989.33984375
3990.46484375
4244.59765625
4519.29296875
4661.00390625
4016.75390625
3991.66015625
3992.8125
3994.03125
3995.23046875
3996.37109375
3997.578125
3998.765625
3999.96875
4001.16796875
4002.34765625
4003.5859375
4004.59765625
4005.8046875
4006.984375
4008.10546875
4009.23046875
4010.3046875
4011.4375
4012.5546875
4013.68359375
4014.7734375
4015.890625
4017.04296875
4018.28125
4019.55078125
4020.80859375
4022.04296875
4023.2265625
4024.4609375
4025.7109375
4026.92578125
4028.1796875
4080.05078125
4185.2109375
4185.2109375
4185.2109375
4185.2109375
4185.2109375
4185.2109375
4185.2109375
4185.2109375
4185.2109375
4185.2109375
4185.2109375
4185.2109375
4185.2109375
4185.2109375
4185.2109375
4185.2109375
4185.2109375
4185.2109375
4185.2109375
4185.2109375
4185.2109375
4185.2109375
4185.2109375
4185.2109375
4185.2109375
4185.2109375
4185.2109375
4185.2109375
4185.2109375
4185.2109375
4185.2109375
4185.2109375
4185.2109375
4185.2109375
4185.2109375
4185.2109375
4185.2109375
4185.2109375
4185.2109375
4185.2109375
4185.2109375
4185.2109375
4185.2109375
4185.2109375
4185.2109375
4185.2109375
4185.2109375
4185.2109375
4185.2109375
4185.2109375
4185.2109375
4185.2109375
4185.2109375
4185.2109375
4185.2109375
4185.2109375
4185.2109375
4185.2109375
4185.2109375
4185.2109375
4185.2109375
4193.21875
4206.64453125
4219.4765625
4232.171875
4244.2265625
4256.3984375
4268.16015625
4279.33203125
4291.35546875
4303.05078125
4314.97265625
4326.52734375
4338.12890625
4347.83984375
4357.95703125
4368.64453125
4376.984375
4385.671875
4395.51953125
4405.3125
4413.8046875
4423.515625
4433.23046875
4442.55078125
4450.76953125
4460.55078125
4470.43359375
4481.71484375
4493.25390625
4504.6171875
4516.09375
4527.5234375
4538.7578125
4550.50390625
4561.71484375
4573.2265625
4574.73046875
4574.73046875
4574.73046875
4574.73046875
4574.73046875
4574.73046875
4217.26953125
3941.77734375
4188.171875
4451.81640625
4574.73046875
4574.73046875
4574.73046875
4574.73046875
4574.73046875
4574.73046875
4574.73046875
4574.73046875
4574.73046875
4574.73046875
4574.73046875
4574.73046875
4574.73046875
4574.73046875
4574.73046875
4574.73046875
4574.73046875
4574.73046875
4574.73046875
4574.73046875
4574.73046875
4574.73046875
4574.73046875
4574.73046875
4574.73046875
4574.73046875
4574.73046875
4574.73046875
4574.73046875
4574.73046875
4574.73046875
4574.73046875
4574.73046875
4574.73046875
4574.73046875
4574.73046875
4574.73046875
4574.73046875
4574.73046875
4574.73046875
4574.73046875
4574.73046875
4574.73046875
4574.73046875
4574.73046875
4574.73046875
4574.73046875
4574.73046875
4574.73046875
4185.21875
4091.6640625
4034.3828125
4044.640625
4068.7890625
4106.6953125
4106.6953125
4106.6953125
4107.7578125
4107.7578125
4107.7578125
4107.7578125
4108.82421875
4108.82421875
4108.82421875
4108.82421875
4108.82421875
4108.82421875
4108.82421875
4108.82421875
4108.82421875
4108.82421875
4110.94921875
4110.94921875
4110.94921875
4110.94921875
4110.94921875
4110.94921875
4110.94921875
4110.94921875
4110.94921875
4110.94921875
4110.94921875
4110.94921875
4110.94921875
4110.94921875
4110.94921875
4110.94921875
4110.94921875
4110.94921875
4110.94921875
4110.94921875
4110.94921875
4110.94921875
4110.94921875
4115.19921875
4115.19921875
4115.19921875
4115.19921875
4115.19921875
4115.19921875
4115.19921875
4115.19921875
4115.19921875
4115.19921875
4115.19921875
4115.19921875
4115.19921875
4115.19921875
4115.19921875
4115.19921875
4115.19921875
4115.19921875
4115.19921875
4115.19921875
4115.19921875
4115.19921875
4115.19921875
4115.19921875
4115.19921875
4115.19921875
4115.19921875
4115.19921875
4115.19921875
4115.19921875
4115.19921875
4115.19921875
4115.19921875
4115.19921875
4115.19921875
4115.19921875
4115.19921875
4115.19921875
4115.19921875
4115.19921875
4115.19921875
4115.19921875
4115.19921875
4115.19921875
4115.19921875
4115.19921875
4115.19921875
4115.19921875
4115.19921875
4115.19921875
4115.19921875
4115.19921875
4123.18359375
4123.18359375
4123.18359375
4123.18359375
4123.18359375
4123.18359375
4123.18359375
4123.18359375
4123.18359375
4123.18359375
4123.18359375
4123.18359375
4124.17578125
4129.0234375
4133.75390625
4138.75390625
4143.62890625
4148.25390625
4152.62890625
4157.0546875
4161.28515625
4165.55859375
4169.94140625
4174.25390625
4178.5234375
4183.00390625
4187.75390625
4192.44140625
4197.25390625
4202.02734375
4206.8828125
4211.69140625
4216.37890625
4221.29296875
4226.19140625
4231.0625
4236.00390625
4240.796875
4245.69140625
4250.50390625
4255.37890625
4284.08984375
4545.78125
4812.05859375
5055.37890625
5157.26953125
5251.55078125
5342.9453125
5384.80078125
4320.42578125
4259.50390625
4259.50390625
4259.50390625
4259.50390625
4259.50390625
4259.50390625
4259.50390625
4259.50390625
4259.50390625
4401.59765625
4696.1796875
4976.0546875
5009.54296875
5009.54296875
5009.54296875
5009.54296875
5009.54296875
5009.54296875
4494.890625
4267.8125
4267.8125
4267.8125
4267.8125
4267.8125
4267.8125
4285.4140625
4291.36328125
4297.25390625
4303.1875
4309.03515625
4314.90234375
4318.41796875
4320.421875
4322.421875
4326.421875
4326.421875
4334.421875
4334.421875
4334.421875
4350.421875
4350.421875
4350.421875
4350.421875
4350.421875
4350.421875
4382.421875
4382.421875
4382.421875
4382.421875
4382.421875
4382.421875
4382.421875
4382.421875
4382.421875
4382.421875
4446.421875
4446.421875
4446.421875
4446.421875
4446.421875
4446.421875
4446.421875
4297.703125
4539.1328125
4802.6875
5071.875
5131.73046875
5131.76953125
5131.8125
5131.8515625
5131.89453125
5131.93359375
5131.98046875
5132.02734375
5132.07421875
5132.125
5132.17578125
5132.22265625
5132.26953125
5132.31640625
5132.3671875
5132.41015625
5132.45703125
5132.50390625
5132.55078125
5132.6015625
5132.6484375
5132.6953125
5132.734375
5132.7734375
5132.80859375
5132.84375
5132.87890625
5132.9140625
5132.94921875
5132.98828125
5133.03125
5133.07421875
5133.12109375
5133.16796875
5133.2109375
5133.25390625
5133.28515625
5133.328125
5133.375
5133.42578125
5133.47265625
5133.51953125
5133.5703125
5133.61328125
5133.66015625
5133.70703125
5133.74609375
5133.7890625
5133.828125
5133.87109375
5133.91015625
5133.94921875
5133.98828125
5134.03125
5134.07421875
5134.12109375
5134.16796875
5134.21875
5134.265625
5134.31640625
5134.36328125
5134.41015625
5134.45703125
5134.5078125
5134.5546875
5134.6015625
5134.6484375
5134.69921875
5134.74609375
5134.79296875
5134.83203125
5134.87109375
5134.91015625
5134.94921875
5134.98828125
5135.03125
5135.0703125
5135.109375
5135.15234375
5135.19921875
5135.24609375
5135.29296875
5135.33984375
5135.390625
5135.4375
5135.484375
4801.1484375
4317.53125
4327.8203125
4338.6171875
4349.08984375
4359.734375
4370.72265625
4381.3671875
4390.484375
4399.328125
4408.10546875
4417.09375
4426.37890625
4435.6015625
4444.9375
4454.078125
4463.890625
4474.09375
4484.625
4495.109375
4505.48046875
4516.328125
4527.12109375
4537.94140625
4548.54296875
4559.05859375
4570.00390625
4580.5
4591.2578125
4601.66796875
4612.33984375
4623.0859375
4632.4609375
4641.95703125
4651.0390625
4660.30859375
4669.64453125
4678.82421875
4688.11328125
4697.265625
4706.85546875
4717.63671875
4728.1953125
4739.04296875
4749.7890625
4760.546875
4771.09375
4781.7109375
4792.35546875
4802.4765625
4813.0234375
4823.62109375
4834.1796875
4844.69921875
4854.9453125
4865.43359375
4874.9921875
4884.20703125
4893.359375
4902.6015625
4911.88671875
4921.24609375
4930.515625
4939.87890625
4949.734375
4960.10546875
4970.828125
4981.54296875
4991.171875
5001.1328125
5011.6328125
5022.35546875
5033.078125
5043.546875
5054.10546875
5064.60546875
5074.94140625
5085.61328125
5096.5390625
5107.1171875
5116.5390625
5125.94921875
5135.078125
5144.40625
5153.69140625
5162.921875
5172.0859375
5181.3671875
5190.8984375
5201.1171875
5211.6875
5222.4765625
5233.16796875
5243.87890625
5254.44921875
5265.0078125
5276.1015625
5286.21484375
5295.33203125
5304.51953125
5313.93359375
5323.43359375
5333.41796875
5343.765625
5352.8359375
5361.734375
5370.953125
5379.16015625
5386.73828125
5395.09375
5402.921875
5410.8203125
5420.04296875
5430.61328125
4561.0234375
4106.67578125
4107.7734375
4108.5234375
4110.59765625
4111.7109375
4112.859375
4113.97265625
4115.0703125
4116.2109375
4117.32421875
4118.484375
4119.64453125
4124.67578125
4121.7734375
4122.7734375
4123.7578125
4124.8125
4125.8046875
4126.828125
4127.890625
4128.8515625
4129.88671875
4130.9375
4132.171875
4133.3203125
4134.37109375
4135.5703125
4136.6953125
4137.72265625
4138.90625
4140.03125
4141.11328125
4142.25
4143.45703125
4144.59375
4145.6796875
4146.78515625
4147.94140625
4148.94921875
4150.04296875
4150.96484375
4151.97265625
4153.0625
4154.07421875
4155.1875
4156.109375
4157.19921875
4158.375
4159.5546875
4160.609375
4172.31640625
4162.68359375
4163.69140625
4164.875
4166.015625
4166.953125
4168.0546875
4168.96875
4170.10546875
4171.15625
4172.25
4173.3984375
4174.47265625
4175.296875
4176.30859375
4177.08984375
4178.0703125
4178.94140625
4179.84375
4180.83984375
4181.91796875
4183.04296875
4184.0625
4223.1875
4186.01953125
4187.12890625
4211.796875
4189.2421875
4190.3984375
4191.55078125
4192.7109375
4193.6328125
4194.78515625
4195.61328125
4196.73828125
4197.890625
4198.828125
4199.87890625
4200.94921875
4202.02734375
4203.03515625
4204.109375
4205.02734375
4205.9375
4207.1484375
4208.35546875
4209.20703125
4210.18359375
4210.93359375
4211.8828125
4212.83984375
4213.8125
4214.84375
4215.97265625
4241.86328125
4218.08203125
4218.890625
4220.02734375
4221.16015625
4222.28515625
4223.45703125
4224.39453125
4225.5234375
4226.6328125
4227.703125
4228.48828125
4229.51953125
4230.55078125
4231.390625
4298.30078125
4233.046875
4234.1328125
4235.24609375
4236.46484375
4237.671875
4238.83203125
4239.79296875
4240.9296875
4242.171875
4243.34375
4244.45703125
4245.609375
4246.82421875
4247.75390625
4248.40625
4249.58984375
4250.71875
4251.76171875
4252.84765625
4253.92578125
4255.01953125
4256.0234375
4256.71875
4257.65234375
4258.6015625
4259.6484375
4260.78125
4261.8515625
4262.80078125
4263.81640625
4264.89453125
4312.3671875
4266.18359375
4267.2265625
4268.36328125
4269.41796875
4270.5234375
4271.69140625
4272.9453125
4274.14453125
4275.28125
4276.0546875
4277.15625
4278.25390625
4279.3125
4280.4453125
4281.55078125
4282.671875
4283.76171875
4284.91015625
4285.5078125
4286.4140625
4287.60546875
4288.7421875
4289.90625
4291.08984375
4292.25
4293.3984375
4294.625
4295.7890625
4296.95703125
4297.81640625
4298.9765625
4300.16015625
4301.23828125
4302.3359375
4303.44140625
4304.52734375
4305.59375
4306.66015625
4307.7265625
4308.12890625
4356.8828125
4310.1328125
4311.328125
4312.44140625
4313.578125
4314.65625
4315.78125
4316.90625
4318.0078125
4319.15625
4320.28125
4321.42578125
4322.19921875
4323.3046875
4324.32421875
4325.45703125
4326.53515625
4327.5703125
4328.625
4329.71484375
4330.90625
4332.08203125
4423.01953125
4333.55859375
4334.7890625
4335.59765625
4336.7578125
4337.9140625
4339.0625
4340.2265625
4341.40625
4342.5546875
4343.6953125
4344.84375
4345.94140625
4347.03125
4348.14453125
4349.2734375
4350.03125
4351.23046875
4352.4296875
4353.67578125
4354.89453125
4356.078125
4357.26171875
4358.44921875
4359.62890625
4360.7890625
4411.72265625
4362.25390625
4363.44140625
4389.50390625
4365.29296875
4366.484375
4367.4140625
4352.62890625
4353.515625
4354.74609375
4355.96484375
4357.18359375
4358.4140625
4359.625
4360.78515625
4361.9140625
4363.08984375
4364.265625
4364.86328125
4365.92578125
4366.8671875
4367.9765625
4369.06640625
4370.23046875
4371.34375
4372.5
4373.70703125
4374.89453125
4376.09765625
4439.09765625
4377.46875
4378.69140625
4379.88671875
4381.1015625
4381.76171875
4382.9921875
4384.19921875
4385.3828125
4386.6015625
4387.80859375
4389.015625
4390.2421875
4391.4609375
4392.6875
4393.83984375
4395.0703125
4396.27734375
4397.49609375
4398.69140625
4399.921875
4400.56640625
4401.78515625
4402.98046875
4404.15625
4405.29296875
4406.48828125
4407.71875
4408.921875
4410.1328125
4411.33984375
4412.48828125
4595.7890625
4413.6484375
4414.76171875
4415.83984375
4416.9296875
4418.0859375
4419.22265625
4419.796875
4420.94921875
4422.046875
4423.2109375
4424.21875
4425.29296875
4426.30078125
4427.40234375
4428.5859375
4429.76953125
4430.9453125
4432.13671875
4433.3203125
4434.47265625
4435.59375
4436.5546875
4437.4921875
4438.44140625
4439.3828125
4446.21875
4440.7265625
4441.81640625
4442.6953125
4443.5390625
4444.41015625
4445.3203125
4446.40234375
4447.4296875
4448.5234375
4449.609375
4450.65234375
4451.7578125
4452.84765625
4669.11328125
4453.7578125
4454.671875
4455.75
4456.78125
4457.87109375
4458.94921875
4460.0390625
4461.12890625
4461.703125
4462.78515625
4463.8984375
4465.03515625
4466.0078125
4466.859375
4467.8828125
4468.93359375
4470.01953125
4471.140625
4472.2890625
4473.53125
4474.78125
4475.9921875
4477.10546875
4478.1640625
4479.3203125
4480.45703125
4481.5703125
4482.671875
4483.78125
4502.5625
4485.28125
4486.44140625
4487.625
4488.84765625
4490.078125
4491.2578125
4492.45703125
4493.6015625
4494.75390625
4496.015625
4497.234375
4534.65234375
4508.4453125
4499.35546875
4500.38671875
4501.4453125
4502.51953125
4503.6328125
4504.73828125
4505.83984375
4506.9375
4508.02734375
4509.046875
4519.89453125
4510.62890625
4511.84765625
4513.078125
4514.30078125
4515.42578125
4516.609375
4517.74609375
4518.8828125
4520.06640625
4521.12890625
4522.1953125
4523.2421875
4524.26953125
4525.3125
4526.3203125
4527.328125
4528.359375
4529.47265625
4530.61328125
4531.74609375
4532.8828125
4533.99609375
4535.07421875
4632.85546875
4536.5859375
4537.74609375
4538.94140625
4540.1640625
4541.39453125
4542.48046875
4543.53515625
4544.640625
4545.7421875
4546.84375
4547.8984375
4549.0546875
4772.39453125
4549.7265625
4550.82421875
4551.9140625
4553.03125
4554.1171875
4555.22265625
4556.3203125
4557.4453125
4558.65234375
4559.82421875
4560.90234375
4562.078125
4563.05078125
4639.84765625
4564.41796875
4565.51953125
4566.5859375
4567.6796875
4568.73828125
4569.77734375
4570.92578125
4572.0859375
4573.2421875
4574.37109375
4575.51953125
4576.75
4577.9765625
4579.1171875
4580.21484375
4581.22265625
4582.27734375
4583.1796875
4583.8984375
4584.9140625
4585.78515625
4586.8984375
4587.92578125
4588.75
4589.70703125
4590.609375
4591.3359375
4592.078125
4596.1015625
4593.0390625
4593.98828125
4595.0390625
4595.98046875
4596.89453125
4597.90234375
4598.91015625
4599.8359375
4600.8203125
4601.6953125
4602.66015625
4603.65625
4604.6171875
4605.609375
4609.4375
4894.03515625
4607.0859375
4608.140625
4609.2578125
4610.3125
4611.4140625
4612.328125
4613.49609375
4614.5546875
4615.62890625
4616.61328125
4617.6015625
4618.734375
4619.8125
4620.77734375
4621.81640625
4622.91015625
4624.04296875
4720.90234375
4625.37890625
4626.5546875
4627.66796875
4628.82421875
4629.99609375
4631.16796875
4632.34375
4633.4453125
4634.51171875
4635.65625
4636.67578125
4637.734375
4638.7890625
4639.85546875
4640.91015625
4641.984375
4643.0234375
4644.1640625
4645.33984375
4646.54296875
4647.6796875
4648.828125
4649.9296875
4651.0234375
4652.1328125
4654.26171875
4655.453125
4656.55078125
4657.63671875
4678.78515625
4658.80859375
4659.6796875
4660.6875
4661.66015625
4662.55078125
4663.59765625
4664.46875
4665.44921875
4666.44921875
4667.50390625
4668.5703125
4669.6171875
4670.6796875
4671.8515625
4894.4296875
4672.1875
4673.34375
4674.5234375
4675.65625
4676.765625
4677.953125
4679.13671875
4680.234375
4681.4140625
4682.61328125
4683.8359375
4685.01171875
4686.1328125
4687.3125
4688.52734375
4689.765625
4690.9609375
4692.0859375
4693.2734375
4767.18359375
4694.59765625
4695.80859375
4696.94921875
4698.13671875
4699.296875
4700.52734375
4701.73828125
4702.95703125
4704.1875
4705.375
4706.5625
4707.79296875
4708.98828125
4710.2109375
4711.40625
4712.57421875
4713.77734375
4714.9296875
4716.15625
4717.37109375
4718.484375
4719.67578125
4720.8828125
4722.09375
4723.3046875
4724.51171875
4725.7578125
4726.94140625
4728.16015625
4729.359375
4730.54296875
4731.76171875
4731.89453125
4733.15234375
4734.375
4735.6171875
4736.8046875
4737.9609375
4739.2109375
4740.39453125
4741.62109375
4742.83203125
4744.046875
4866.33984375
5168.640625
4745.39453125
4746.484375
4747.30859375
4748.421875
4749.53515625
4750.66796875
4751.79296875
4752.9140625
4754.03515625
4755.2109375
4756.3828125
4754.2578125
4754.2578125
4754.2578125
4754.2578125
4754.2578125
4754.2578125
4754.2578125
4754.2578125
4754.2578125
4754.2578125
4754.2578125
4754.2578125
4754.2578125
4754.2578125
4754.2578125
4754.2578125
4754.2578125
4754.2578125
4754.2578125
4754.2578125
4754.2578125
4754.2578125
4754.2578125
4754.2578125
4754.2578125
4754.2578125
4754.2578125
4754.2578125
4754.2578125
4754.2578125
4754.2578125
4754.2578125
4754.2578125
4754.2578125
4754.2578125
4754.2578125
4754.2578125
4754.2578125
4754.2578125
4754.2578125
4757.453125
4775.2265625
4792.98828125
4813.4140625
4833.80859375
4853.5390625
4874.4765625
4896.453125
4919.2578125
4941.3125
4962.64453125
4975.81640625
4975.81640625
4975.81640625
4551.56640625
4817.94140625
4975.81640625
4975.81640625
4975.81640625
4975.81640625
4975.81640625
4975.81640625
4975.81640625
4975.81640625
4975.81640625
4975.81640625
4975.81640625
4975.81640625
4975.81640625
4975.81640625
4975.81640625
4975.81640625
4975.81640625
4975.81640625
4975.81640625
4975.81640625
4975.81640625
4975.81640625
4975.81640625
4975.81640625
4975.81640625
4975.81640625
4975.81640625
4975.81640625
4948.53125
4758.07421875
4839.08203125
4925.33984375
5191.890625
5452.875
5563.7578125
5563.7578125
5563.7578125
5563.7578125
5563.7578125
5563.7578125
5563.7578125
5563.7578125
5563.7578125
5563.7578125
5563.7578125
5563.7578125
5563.7578125
5563.7578125
5563.7578125
5563.7578125
5563.7578125
5223.04296875
4861.28515625
4861.23046875
5112.1328125
5329.4453125
5330.64453125
5331.81640625
5332.94921875
5334.1015625
5335.29296875
5336.4765625
5337.65234375
5338.890625
5340.0703125
4966.47265625
4836.48046875
4836.48046875
4836.48046875
4708.4765625
4401.90234375
3272.96484375
2670.83203125
