2670.83203125
2670.8359375
2702.5859375
2733.1171875
2733.1171875
2734.640625
2726.0
2726.0
2697.9375
2701.484375
2702.3203125
2709.4609375
2708.0859375
2709.2734375
2710.38671875
2716.4375
2717.5859375
2718.71484375
2719.859375
2720.9609375
2722.16796875
2723.34375
2724.48046875
2725.6875
2726.78515625
2727.90234375
2728.84765625
2730.0
2740.921875
2742.09375
2743.3125
2744.4296875
2745.6328125
2746.90234375
2747.9765625
2749.15234375
2750.41796875
2751.49609375
2752.64453125
2753.84765625
2755.046875
2756.15625
2757.33984375
2758.52734375
2782.5625
2760.7734375
2762.03125
2763.203125
2764.45703125
2765.46484375
2766.6796875
2767.9375
2769.05859375
2770.26953125
2772.0
2772.375
2773.59375
2774.734375
2775.984375
2777.27734375
2778.15234375
2779.375
2780.6015625
2782.09765625
2802.453125
2803.63671875
2827.91796875
2823.6796875
2807.0859375
2808.31640625
2809.484375
2810.5390625
2811.78125
2813.07421875
2813.9765625
2815.03125
2816.28125
2817.5
2818.70703125
2819.7734375
2821.00390625
2822.24609375
2823.13671875
2824.3671875
2825.38671875
2826.55859375
2827.828125
2829.1015625
2830.1953125
2831.50390625
2832.76171875
2833.65234375
2834.90234375
2835.921875
2837.14453125
2838.36328125
2839.58203125
2840.84375
2841.8203125
2843.015625
2844.22265625
2884.453125
2846.24609375
2847.50390625
2848.5546875
2849.82421875
2851.02734375
2852.2734375
2853.4765625
2854.734375
2855.7734375
2857.02734375
2858.26953125
2859.04296875
2860.23046875
2861.4375
2894.6484375
2863.7109375
2864.94140625
2866.2421875
2867.5078125
2868.78125
2870.05078125
2871.046875
2872.27734375
2873.4921875
2874.20703125
2875.3828125
2876.58984375
2877.85546875
2878.86328125
2880.12890625
2881.359375
2882.6015625
2883.875
2885.12890625
2886.421875
2887.40625
2888.64453125
2889.890625
2890.6171875
2891.82421875
2893.05078125
2894.23046875
2895.4296875
2898.9140625
2897.59765625
2898.7109375
2899.90625
2901.1484375
2902.35546875
2903.609375
2904.828125
2906.0234375
2906.94140625
2908.13671875
2909.35546875
2909.94140625
2911.04296875
2912.296875
2913.50390625
2914.7109375
2915.90234375
2917.08984375
2917.96875
2919.15234375
2920.359375
2921.5625
2922.76953125
2923.98828125
2925.16015625
2961.95703125
2966.65234375
2967.8828125
2968.6328125
2969.76953125
2970.953125
2971.45703125
2972.61328125
2973.77734375
2974.75
2975.90625
2977.0078125
2978.15625
2979.26171875
3009.984375
2981.09765625
2982.04296875
2983.234375
2984.4609375
2985.66015625
2986.9140625
2988.08203125
2989.29296875
2990.48828125
2991.65625
2993.7265625
2993.671875
2994.890625
2995.34765625
2996.59375
2997.7734375
2998.96875
3000.14453125
3001.3984375
3002.58203125
3003.75
3004.95703125
3006.14453125
3006.95703125
3008.09765625
3009.31640625
3010.50390625
3011.72265625
3012.94140625
3014.13671875
3015.3046875
3016.5390625
3017.7578125
3018.9296875
3020.1328125
3020.87109375
3022.0859375
3022.375
3023.51953125
3024.69140625
3025.91796875
3027.1328125
3028.27734375
3029.5
3030.70703125
3031.90234375
3033.140625
3034.34765625
3035.58984375
3036.33203125
3037.57421875
3038.79296875
3040.01953125
3041.1953125
3042.375
3043.65234375
3044.84765625
3046.046875
3047.30078125
3048.51953125
3049.7578125
3050.98828125
3141.36328125
3063.19921875
3053.20703125
3054.46875
3055.67578125
3056.93359375
3058.16015625
3059.37109375
3060.6015625
3061.76171875
3062.8515625
3064.078125
3065.25390625
3066.45703125
3067.66796875
3068.84765625
3069.43359375
3070.52734375
3071.60546875
3072.7890625
3073.92578125
3074.9375
3075.90625
3076.9609375
3077.93359375
3078.9765625
3079.97265625
3080.82421875
3081.859375
3082.91015625
3083.8515625
3084.87109375
3085.984375
3087.10546875
3184.69140625
3087.66796875
3088.83203125
3090.05078125
3091.30078125
3092.51171875
3093.66015625
3094.88671875
3096.09375
3097.34765625
3098.55859375
3099.796875
3101.01171875
3102.2578125
3103.4765625
3104.6484375
3105.8671875
3205.34375
3107.53125
3108.64453125
3109.76953125
3110.95703125
3112.078125
3113.21484375
3114.3671875
3115.546875
3116.75390625
3117.90234375
3119.1484375
3120.296875
3121.5625
3122.77734375
3124.0234375
3125.25
3253.8671875
3126.4375
3127.03515625
3128.2890625
3129.52734375
3130.74609375
3131.98046875
3133.23046875
3134.42578125
3135.703125
3136.85546875
3138.0859375
3139.37109375
3140.62890625
3141.89453125
3143.1484375
3144.3984375
3145.5625
3146.69921875
3147.859375
3211.3828125
3149.671875
3150.91796875
3152.16796875
3153.40234375
3154.6328125
3155.89453125
3157.08984375
3158.28515625
3159.44921875
3160.67578125
3161.9453125
3163.19921875
3164.47265625
3165.71484375
3166.97265625
3168.22265625
3171.2265625
3243.37890625
3170.6171875
3171.84375
3172.3515625
3173.51953125
3174.796875
3176.0390625
3177.26953125
3178.48828125
3179.7421875
3181.03515625
3182.2734375
3183.54296875
3184.79296875
3186.0390625
3187.265625
3188.5078125
3189.78515625
3191.06640625
3192.30859375
3193.5625
3194.82421875
3196.03515625
3285.16015625
3197.7890625
3199.0703125
3200.34375
3201.58984375
3202.88671875
3204.1328125
3205.3828125
3206.59375
3207.84375
3209.109375
3210.3671875
3211.609375
3212.86328125
3214.10546875
3215.37890625
3216.625
3217.890625
3394.14453125
3218.7890625
3220.03125
3221.33203125
3222.625
3223.0078125
3224.2734375
3225.54296875
3226.78515625
3228.0625
3229.29296875
3230.55859375
3231.81640625
3233.07421875
3234.3515625
3235.62890625
3236.859375
3238.125
3239.40234375
3240.671875
3241.921875
3243.1875
3244.4453125
3245.69921875
3246.96484375
3248.2265625
3249.47265625
3273.9921875
3251.11328125
3252.36328125
3253.58203125
3254.74609375
3256.01171875
3257.265625
3258.52734375
3259.78515625
3261.05078125
3262.31640625
3263.578125
3264.84765625
3266.1015625
3267.3515625
3268.6171875
3269.88671875
3271.06640625
3272.3203125
3306.1875
3588.79296875
3274.3125
3275.59375
3276.80078125
3278.06640625
3279.31640625
3371.578125
3280.91015625
3282.15234375
3283.421875
3284.6875
3285.94921875
3287.21484375
3288.4609375
3289.71484375
3290.9765625
3292.19921875
3293.4765625
3294.71875
3295.98046875
3297.21484375
3298.48828125
3299.7421875
3300.984375
3302.265625
3303.53125
3304.8046875
3306.10546875
3307.39453125
3308.6640625
3309.96484375
3311.203125
3315.3203125
3312.75390625
3314.05078125
3315.2578125
3316.515625
3317.79296875
3319.01171875
3320.25390625
3321.52734375
3322.78125
3324.02734375
3325.171875
3326.46484375
3327.71484375
3328.96875
3330.24609375
3331.5
3332.76953125
3334.05859375
3335.21484375
3599.03515625
3335.67578125
3336.82421875
3337.984375
3339.22265625
3499.734375
3419.7421875
3421.00390625
3422.2109375
3423.4296875
3424.5703125
3592.671875
3425.9609375
3427.2421875
3428.47265625
3429.76953125
3431.0078125
3432.27734375
3433.53125
3434.76171875
3436.01953125
3437.2734375
3438.5703125
3439.84765625
3441.12890625
3442.42578125
3443.671875
3444.92578125
3446.19921875
3447.46875
3448.7578125
3450.0078125
3452.28125
3453.46875
3454.76171875
3456.05859375
3457.33984375
3458.62109375
3459.890625
3461.16796875
3461.37890625
3462.61328125
3463.8828125
3465.11328125
3466.42578125
3467.6953125
3468.95703125
3470.25390625
3471.53515625
3472.83203125
3474.125
3475.40625
3476.67578125
3477.94140625
3479.2109375
3480.5
3481.77734375
3483.03515625
3484.34765625
3485.6171875
3674.70703125
3679.13671875
3487.1171875
3488.3515625
3489.6328125
3490.97265625
3492.26171875
3493.5390625
3494.83203125
3496.09765625
3497.40625
3498.6484375
3710.41796875
3500.04296875
3501.30078125
3502.6171875
3503.86328125
3505.16015625
3506.45703125
3507.70703125
3508.98046875
3510.25390625
3511.53515625
3512.78125
3514.05859375
3515.3359375
3516.59765625
3517.89453125
3519.09765625
3520.3984375
3521.6640625
3522.921875
3524.203125
3525.4453125
3526.703125
3527.9921875
3529.28125
3530.5390625
3531.80859375
3533.08984375
3534.34375
3535.62109375
3536.921875
3538.18359375
3624.88671875
3539.515625
3540.75
3542.0078125
3543.27734375
3544.5625
3545.85546875
3547.08984375
3548.3671875
3549.65625
3550.91796875
3552.23046875
3553.5078125
3554.78125
3556.046875
3557.27734375
3558.546875
3559.8046875
3561.0546875
3562.2578125
3563.54296875
3611.8828125
3916.16796875
3564.82421875
3566.08984375
3567.34765625
3568.6640625
3569.83984375
3571.08984375
3572.34765625
3573.59375
3574.8984375
3576.15234375
3577.4296875
3578.7265625
3579.9765625
3581.24609375
3761.9921875
3582.38671875
3583.640625
3584.8984375
3586.1640625
3587.43359375
3588.734375
3589.98828125
3591.234375
3592.50390625
3593.74609375
3595.046875
3596.31640625
3597.57421875
3598.890625
3600.1796875
3601.44921875
3602.71484375
3603.78515625
3604.91796875
3606.12109375
3607.23828125
3608.38671875
3609.640625
3610.81640625
3612.0390625
3613.328125
3614.5625
3615.7734375
3617.01171875
3618.15234375
3619.43359375
3620.6640625
3621.921875
3623.18359375
3624.43359375
3625.7109375
3642.109375
3720.109375
3628.0625
3629.265625
3630.546875
3631.8125
3633.0546875
3634.37109375
3635.62890625
3636.94140625
3638.2109375
3639.46484375
3640.6875
3641.921875
3643.22265625
3644.48828125
3645.74609375
3647.05078125
3648.29296875
3649.5859375
3650.8671875
3652.11328125
3757.91015625
4059.95703125
3652.9765625
3654.2109375
3655.46875
3656.75390625
3658.015625
3659.3125
3660.58203125
3661.7734375
3663.05078125
3664.32421875
3665.65234375
3666.9375
3668.2578125
3669.5625
3670.8203125
3672.125
3673.38671875
3674.66015625
3907.59765625
3675.7265625
3677.04296875
3678.31640625
3679.5625
3680.84375
3682.12109375
3683.4453125
3684.71875
3686.0078125
3687.21875
3688.390625
3689.64453125
3690.92578125
3692.1953125
3693.48828125
3694.75
3696.05859375
3697.30078125
3698.53515625
3699.8125
3701.046875
3702.32421875
3703.60546875
3704.8828125
3706.1953125
3707.453125
3708.73046875
3709.98828125
3711.24609375
3712.50390625
3713.7890625
3715.0703125
3716.3125
3717.5703125
3718.83984375
3720.109375
3721.4296875
3722.6640625
3723.91796875
3725.1875
3834.078125
3726.21875
3727.45703125
3728.71875
3729.96484375
3731.22265625
3732.51171875
3733.79296875
3735.07421875
3736.3359375
3737.6171875
3738.83984375
3740.12109375
3741.38671875
3742.65234375
3743.91015625
3745.19921875
3746.484375
3747.73828125
3748.984375
3750.234375
3751.4921875
3852.2421875
4166.16796875
3879.91015625
3753.45703125
3754.734375
3756.015625
3757.3125
3758.59375
3759.8359375
3761.109375
3762.38671875
3763.65234375
3764.9296875
3766.17578125
3767.453125
3768.703125
3769.9453125
3771.21484375
3772.5
3773.76171875
3775.01171875
3776.3046875
3777.578125
3778.8359375
3780.11328125
4044.8984375
3781.0
3782.28515625
3783.5234375
3784.74609375
3786.0234375
3787.28125
3788.5625
3789.828125
3791.0859375
3792.26171875
3793.4296875
3794.57421875
3795.734375
3796.9453125
3798.2421875
3799.4453125
3800.6484375
3801.8984375
3803.12890625
3804.33984375
3805.53515625
3806.546875
3807.80859375
3808.97265625
3810.20703125
3811.45703125
3812.7421875
3814.01171875
3815.296875
3816.53125
3817.7890625
3819.04296875
3820.296875
3821.56640625
3822.82421875
3824.125
3825.40625
3826.70703125
3828.0078125
3829.24609375
3830.51953125
3831.765625
3833.06640625
3834.34765625
3835.62890625
3836.90234375
3897.359375
4034.16796875
3838.984375
3840.2421875
3841.5078125
3842.7890625
3844.0234375
3845.32421875
3846.640625
3847.8984375
3849.1640625
3850.4296875
3851.70703125
3852.96875
3854.23046875
3855.4765625
3856.73046875
3857.9921875
3859.265625
3860.52734375
3861.77734375
3863.05859375
3918.55859375
4223.95703125
4523.875
3864.33984375
3865.5703125
3866.83984375
3868.07421875
3869.328125
3870.60546875
3871.88671875
3873.12109375
3874.3515625
3875.62890625
3876.921875
3878.1875
3879.48046875
3880.7265625
3881.9921875
3883.19921875
3884.48046875
3885.74609375
3887.02734375
3888.26171875
3889.49609375
3890.75
3892.03125
3893.29296875
3894.56640625
3895.79296875
3897.0546875
3898.29296875
3981.9453125
4110.19140625
3900.11328125
3901.3984375
3902.65234375
3903.9453125
3905.19921875
3906.48828125
3907.765625
3909.07421875
3910.3046875
3911.5390625
3912.796875
3914.0703125
3915.31640625
3916.59765625
3917.83203125
3919.10546875
3920.3671875
3921.66796875
3922.94921875
3924.2109375
3925.48046875
3926.6796875
3927.96875
3929.23828125
3930.50390625
3931.7734375
3933.05859375
3934.35546875
3935.58984375
3936.86328125
3938.12109375
3939.3515625
3940.63671875
3941.91796875
3943.1953125
3944.48828125
3945.71875
3947.03515625
3948.28515625
3949.55859375
3950.84375
3952.09375
3953.37890625
3954.63671875
3955.90625
3957.1953125
3958.48828125
3959.765625
3961.07421875
3962.31640625
3963.55078125
4094.9140625
4187.765625
3965.2265625
3966.46875
3967.6875
3968.97265625
3970.23828125
3971.515625
3972.76171875
3973.984375
3975.265625
3976.4921875
3977.7421875
3978.94921875
3980.21875
3981.4921875
3982.7265625
3983.8671875
3984.9921875
3986.19140625
3987.21484375
3988.453125
3989.7109375
4231.26953125
4527.60546875
4504.56640625
3990.5703125
3991.76171875
3992.9296875
3994.12109375
3995.3671875
3996.66015625
3997.9609375
3999.25390625
4000.56640625
4001.8515625
4003.140625
4004.421875
4005.6484375
4006.91015625
4008.20703125
4009.51171875
4010.80078125
4012.07421875
4013.36328125
4014.62890625
4015.9140625
4017.1796875
4018.48046875
4019.734375
4021.03125
4022.2734375
4023.5546875
4024.8203125
4026.08984375
4027.34375
4028.64453125
4029.92578125
4031.21484375
4032.4609375
4106.17578125
4416.19140625
4034.1484375
4035.43359375
4036.6953125
4037.96484375
4039.2578125
4040.515625
4041.7578125
4042.95703125
4044.19921875
4045.48828125
4046.76953125
4048.0234375
4049.30859375
4050.58203125
4051.828125
4053.0703125
4054.33984375
4055.5625
4056.8046875
4058.078125
4059.3671875
4060.640625
4061.93359375
4063.1875
4064.40234375
4065.6640625
4066.9609375
4068.2734375
4069.54296875
4070.83984375
4072.12109375
4073.4140625
4074.68359375
4075.94921875
4077.2734375
4078.54296875
4079.80859375
4081.03515625
4082.30078125
4083.56640625
4084.80078125
4086.06640625
4087.3125
4088.58203125
4089.8828125
4091.125
4092.375
4093.61328125
4094.8828125
4096.17578125
4097.453125
4098.75390625
4100.046875
4101.3046875
4102.5859375
4103.8515625
4105.12890625
4106.3984375
4295.56640625
4256.1484375
4107.94921875
4109.1953125
4110.4375
4111.7421875
4113.0078125
4114.265625
4115.5390625
4116.77734375
4118.03125
4119.26953125
4120.53125
4121.8125
4123.015625
4124.26171875
4125.5390625
4126.82421875
4128.078125
4129.3203125
4130.578125
4218.859375
4512.28515625
4818.359375
4439.56640625
4132.29296875
4133.58203125
4134.828125
4136.09765625
4137.3515625
4138.6171875
4139.8984375
4141.15234375
4142.39453125
4143.6796875
4144.9453125
4146.2265625
4147.48046875
4148.75
4150.00390625
4151.22265625
4152.49609375
4153.74609375
4154.984375
4156.2578125
4157.5390625
4158.8515625
4160.1484375
4161.3671875
4162.68359375
4163.87890625
4165.171875
4166.41015625
4167.6953125
4168.96484375
4170.2265625
4171.42578125
4172.61328125
4173.82421875
4175.05078125
4176.23828125
4177.33203125
4178.54296875
4179.69140625
4180.9375
4182.15625
4183.390625
4184.57421875
4384.37109375
4417.015625
4185.87890625
4187.17578125
4188.44921875
4189.64453125
4190.9453125
4192.2109375
4193.515625
4194.76953125
4195.98828125
4197.26953125
4198.54296875
4199.81640625
4201.12109375
4202.40625
4203.75390625
4205.046875
4206.3203125
4207.6015625
4208.84375
4210.1171875
4211.3359375
4212.62890625
4213.90625
4215.1875
4216.51171875
4217.75390625
4219.05078125
4220.3046875
4221.5390625
4222.8046875
4224.02734375
4225.3359375
4226.59375
4227.859375
4229.12109375
4230.33984375
4231.5859375
4232.82421875
4234.07421875
4235.3125
4236.57421875
4237.86328125
4239.15234375
4240.41015625
4241.67578125
4242.96875
4244.28515625
4245.53125
4246.76171875
4248.02734375
4249.28515625
4250.54296875
4251.8125
4253.078125
4254.33984375
4255.5859375
4256.87890625
4258.12109375
4259.390625
4260.63671875
4261.8828125
4263.20703125
4264.484375
4265.765625
4267.0546875
4377.5234375
4692.2421875
4268.3203125
4269.5703125
4270.83203125
4272.08203125
4273.35546875
4274.6015625
4275.8125
4277.08984375
4278.359375
4279.6640625
4280.95703125
4282.20703125
4283.41796875
4284.63671875
4285.9296875
4287.16015625
4288.41015625
4289.63671875
4360.1484375
4671.1171875
4970.828125
5176.49609375
4290.84765625
4292.1015625
4293.41015625
4294.68359375
4295.94140625
4297.20703125
4298.46875
4299.734375
4301.00390625
4302.265625
4303.53515625
4304.828125
4306.14453125
4307.390625
4308.6640625
4309.9609375
4311.234375
4312.49609375
4313.76953125
4315.01953125
4316.28125
4317.50390625
4318.7265625
4320.015625
4321.2734375
4322.5546875
4323.82421875
4325.0625
4326.30859375
4327.56640625
4328.80859375
4330.0625
4331.30078125
4332.54296875
4333.82421875
4335.0859375
4336.35546875
4337.62109375
4338.890625
4340.1796875
4341.44921875
4342.69140625
4343.9765625
4345.2421875
4346.48828125
4347.78125
4349.046875
4350.34765625
4351.62890625
4352.8984375
4354.140625
4355.40625
4516.13671875
4808.3828125
4356.44140625
4357.7109375
4358.9609375
4360.140625
4361.3359375
4362.5
4363.69140625
4364.9296875
4366.21484375
4367.32421875
4368.328125
4369.48828125
4370.71484375
4371.9609375
4373.19921875
4374.296875
4375.5859375
4376.8671875
4378.14453125
4379.390625
4380.65625
4381.9140625
4383.12109375
4384.36328125
4385.609375
4386.86328125
4388.13671875
4389.41015625
4390.703125
4391.984375
4393.28515625
4394.57421875
4395.83203125
4397.1171875
4398.39453125
4399.640625
4400.80859375
4402.04296875
4403.3125
4404.6015625
4405.84375
4407.1171875
4408.3359375
4409.6015625
4410.80078125
4412.046875
4413.3125
4414.5546875
4415.8359375
4417.06640625
4418.27734375
4419.546875
4420.796875
4422.09375
4423.3046875
4424.5703125
4425.8359375
4427.05859375
4428.3359375
4429.59375
4430.87109375
4432.1484375
4433.41015625
4434.671875
4435.921875
4437.1484375
4438.421875
4439.671875
4440.96875
4442.2109375
4443.453125
4444.6953125
4445.9765625
4447.25390625
4448.46484375
4475.37109375
4784.390625
4587.34375
4450.6484375
4451.90625
4453.1640625
4454.37109375
4455.625
4456.89453125
4458.171875
4459.40234375
4460.6484375
4461.90234375
4463.1640625
4464.44921875
4465.7109375
4467.0234375
4468.29296875
4469.60546875
4748.59765625
5054.21875
5366.02734375
5086.171875
4470.2265625
4471.44921875
4472.7265625
4474.01171875
4475.296875
4476.5859375
4477.8828125
4479.12890625
4480.39453125
4481.66015625
4482.92578125
4484.17578125
4485.40625
4486.67578125
4487.9375
4489.24609375
4490.51171875
4491.76953125
4493.05078125
4494.3125
4495.58203125
4496.81640625
4498.10546875
4499.3984375
4500.6953125
4501.98046875
4503.24609375
4504.48828125
4505.7578125
4507.0234375
4508.31640625
4509.58984375
4510.88671875
4512.1796875
4513.45703125
4514.7265625
4516.03125
4517.27734375
4518.48046875
4519.7421875
4521.0234375
4522.32421875
4523.58203125
4524.87109375
4526.13671875
4527.40625
4528.6875
4529.90234375
4531.16015625
4532.453125
4533.7421875
4534.98828125
4536.234375
4537.53125
4538.78125
4540.0703125
4541.32421875
4542.5625
4543.80078125
4545.046875
4546.32421875
4547.60546875
4548.8515625
4793.78515625
5093.23828125
4549.5
4550.69140625
4551.875
4553.08984375
4554.28515625
4555.5390625
4556.7890625
4557.92578125
4559.203125
4560.3984375
4561.5390625
4562.62890625
4563.77734375
4564.98828125
4566.234375
4567.515625
4568.78125
4570.05859375
4571.3515625
4572.59765625
4573.83984375
4575.0625
4576.328125
4577.58203125
4578.86328125
4580.16796875
4581.421875
4582.67578125
4583.9453125
4585.14453125
4586.4140625
4587.546875
4588.80859375
4590.06640625
4591.3046875
4592.53125
4593.7734375
4595.02734375
4596.296875
4597.578125
4598.8203125
4600.06640625
4601.33203125
4602.5859375
4603.8515625
4765.60546875
4924.390625
4924.390625
4764.828125
4766.08203125
4767.35546875
4768.5703125
4769.83984375
4771.12890625
4772.4140625
4773.6328125
4774.921875
4776.19921875
4777.46875
4778.73046875
4780.015625
4781.265625
4782.54296875
4783.79296875
4785.078125
4786.3671875
4787.63671875
4788.90625
4790.1953125
4791.48828125
4792.7421875
4794.01953125
4795.203125
4796.4765625
4797.78125
4799.0703125
4800.328125
4801.5703125
4802.84765625
4804.12890625
4805.44140625
4806.6953125
4807.96484375
4809.23046875
4810.5234375
4811.828125
4813.109375
4814.3671875
5018.296875
5329.4609375
4814.9375
4816.16796875
4817.4296875
4818.7265625
4819.98828125
4821.27734375
4822.55859375
4823.81640625
4825.1015625
4826.375
4827.58984375
4828.8359375
4830.11328125
4857.703125
5162.71484375
5475.76171875
5790.12109375
5786.65625
4831.3046875
4832.5234375
4833.8046875
4835.05859375
4836.32421875
4837.55078125
4838.8046875
4840.08984375
4841.32421875
4842.55859375
4843.83984375
4845.10546875
4846.3984375
4847.66015625
4848.921875
4850.203125
4851.453125
4852.73828125
4854.00390625
4855.2734375
4856.55859375
4857.8046875
4859.0859375
4860.3515625
4861.61328125
4862.890625
4864.15625
4865.4375
4866.6796875
4867.94921875
4869.203125
4870.44921875
4871.734375
4872.99609375
4874.29296875
4875.5625
4876.8046875
4878.11328125
4879.359375
4880.609375
4881.8671875
4883.13671875
4884.4375
4885.66796875
4886.8828125
4888.1484375
4889.44921875
4890.73828125
4891.99609375
4893.23046875
4894.48828125
4895.6328125
4896.7265625
4897.8984375
4899.04296875
4900.2734375
4901.515625
4902.7578125
4903.93359375
4905.2265625
4906.48046875
4907.6640625
4908.85546875
4909.96484375
4911.140625
4912.39453125
4913.64453125
4914.91015625
4916.19921875
4917.4765625
4918.73828125
4920.01171875
4921.28515625
4922.53125
4923.796875
4925.07421875
4926.36328125
5069.421875
5375.375
5151.73046875
4927.92578125
4929.171875
4930.4609375
4931.71875
4932.98828125
4934.25390625
4935.484375
4936.75
4938.0234375
4939.296875
4940.578125
4941.84765625
4943.15234375
4944.3984375
4945.68359375
4946.96484375
4948.16015625
4949.46875
4950.72265625
4951.9921875
4953.2578125
4954.50390625
4955.8046875
4957.05078125
4958.2890625
4959.52734375
4960.796875
4962.05859375
4963.30859375
4964.546875
4965.83203125
4967.10546875
4968.4140625
4969.66796875
4970.8984375
4972.1875
4973.4609375
4974.75390625
4976.01953125
4977.28125
4978.54296875
4979.80078125
4981.0546875
4982.296875
4983.55078125
4984.81640625
4986.0859375
4987.32421875
4988.55078125
4989.8203125
4991.02734375
4992.14453125
4993.28515625
4994.36328125
4995.515625
4996.71484375
4997.87109375
4998.9296875
5000.078125
5001.296875
5002.546875
5003.70703125
5004.90625
5006.08984375
5007.25
5008.484375
5009.7265625
5010.9453125
5012.16796875
5013.3671875
5014.5859375
5015.75
5016.828125
5018.015625
5019.234375
5020.359375
5021.4921875
5022.6875
5023.8984375
5025.01953125
5026.234375
5027.5078125
5028.70703125
5029.90625
5031.0703125
5032.25390625
5033.5078125
5034.765625
5036.01171875
5037.25
5038.51171875
5039.78515625
5041.046875
5042.3125
5043.546875
5044.765625
5046.05859375
5263.87109375
5580.38671875
5103.53515625
5047.515625
5048.76953125
5050.0390625
5051.234375
5052.453125
5053.6640625
5054.94140625
5056.1875
5057.421875
5267.62890625
5567.84375
5868.4296875
6158.73046875
6266.39453125
5057.93359375
5059.16796875
5060.42578125
5061.69140625
5062.9140625
5064.2265625
5065.5078125
5066.80859375
5068.0859375
5069.30078125
5070.53125
5071.76171875
5073.078125
5074.3203125
5075.52734375
5076.8125
5078.0859375
5079.18359375
5080.35546875
5081.53125
5082.7109375
5083.91015625
5085.1484375
5086.29296875
5087.4296875
5088.64453125
5089.8359375
5090.953125
5092.06640625
5093.171875
5094.453125
5095.65625
5096.91796875
5098.16796875
5099.44921875
5100.72265625
5101.99609375
5103.25390625
5104.51953125
5105.75390625
5107.0546875
5108.28125
5109.484375
5110.6875
5111.859375
5113.08984375
5114.2890625
5115.4765625
5116.70703125
5117.921875
5119.15625
5120.4140625
5121.6953125
5123.0
5124.25
5125.51171875
5126.79296875
5128.04296875
5129.31640625
5130.5703125
5131.8515625
5133.1015625
5134.38671875
5135.6640625
5136.90625
5138.15234375
5139.40625
5140.65234375
5141.87109375
5143.03125
5144.2421875
5145.47265625
5146.70703125
5147.94921875
5149.22265625
5150.5078125
5151.75390625
5153.01953125
5154.30078125
5155.5078125
5156.74609375
5158.0078125
5159.3125
5160.59375
5161.88671875
5163.1875
5164.44140625
5165.69921875
5166.93359375
5168.17578125
5169.421875
5170.67578125
5171.9453125
5176.62109375
5478.2890625
5782.21875
5179.76953125
5174.328125
5175.5859375
5176.83984375
5178.08203125
5179.32421875
5180.5859375
5181.8359375
5183.0859375
5184.3515625
5185.62109375
5186.81640625
5188.09375
5189.3515625
5190.6328125
5191.890625
5193.16796875
5194.4140625
5195.67578125
5196.95703125
5198.21484375
5199.484375
5200.734375
5201.93359375
5203.2109375
5204.49609375
5205.78515625
5207.04296875
5208.31640625
5209.609375
5210.89453125
5212.1796875
5213.453125
5214.70703125
5215.98828125
5217.25
5218.53125
5219.77734375
5221.0234375
5222.30859375
5223.55859375
5224.82421875
5226.0703125
5227.296875
5228.53515625
5229.8359375
5231.140625
5232.41015625
5233.6640625
5234.88671875
5236.1171875
5237.36328125
5238.59375
5239.859375
5241.08203125
5242.36328125
5243.62890625
5244.93359375
5246.19921875
5247.45703125
5248.7421875
5250.0625
5251.32421875
5252.62109375
5253.86328125
5255.09375
5256.33984375
5257.55859375
5258.796875
5260.05859375
5261.3203125
5262.5703125
5263.8203125
5264.9765625
5266.2734375
5267.5
5268.76953125
5270.0390625
5271.3046875
5272.5703125
5273.7734375
5274.96875
5276.19140625
5277.29296875
5278.48046875
5279.72265625
5280.953125
5282.1875
5283.3828125
5284.6015625
5285.8046875
5287.015625
5288.13671875
5289.35546875
5290.6171875
5291.90234375
5293.18359375
5294.45703125
5295.68359375
5296.94140625
5298.19921875
5299.4453125
5300.6875
5301.94140625
5303.20703125
5304.453125
5305.7421875
5306.98046875
5395.11328125
5706.6015625
6010.2890625
5307.98828125
5309.234375
5310.49609375
5311.7421875
5345.15234375
5648.63671875
5947.29296875
6256.671875
6580.49609375
6736.2421875
5920.4296875
5313.25
5314.4765625
5315.75
5317.015625
5318.30859375
5319.5859375
5320.81640625
5322.13671875
5323.3984375
5324.66015625
5325.93359375
5327.19140625
5328.421875
5329.66796875
5330.9375
5332.20703125
5333.44921875
5334.77734375
5336.046875
5337.296875
5338.5
5339.74609375
5341.03125
5342.2734375
5343.5546875
5344.80859375
5346.05859375
5347.34375
5348.625
5349.890625
5351.140625
5352.4296875
5353.70703125
5354.96484375
5355.92578125
5592.63671875
5668.296875
5668.296875
5668.296875
5668.296875
5668.296875
5668.296875
5668.296875
5668.296875
5668.296875
5668.296875
5668.296875
5668.296875
5668.296875
5668.296875
5668.296875
5668.296875
5668.296875
5668.296875
5668.296875
5668.296875
5668.296875
5668.296875
5668.296875
5668.296875
5668.296875
5668.296875
5668.296875
5668.296875
5668.296875
5668.296875
5668.296875
5668.296875
5668.296875
5668.296875
5668.296875
5668.296875
5668.296875
5668.296875
5668.296875
5668.296875
5668.296875
5668.296875
5668.296875
5668.296875
5668.296875
5668.296875
5668.296875
5668.296875
5668.296875
5668.296875
5668.296875
5668.296875
5668.296875
5668.296875
5668.296875
5668.296875
5668.296875
5668.296875
5668.296875
5668.296875
5668.296875
5668.296875
5668.296875
5668.296875
5668.296875
5668.296875
5668.296875
5668.296875
5668.296875
5668.296875
5668.296875
5668.296875
5668.296875
5668.296875
5668.296875
5668.296875
5668.296875
5668.296875
5668.296875
5668.296875
5668.296875
5668.296875
5668.296875
5668.296875
5668.296875
5668.296875
5668.296875
5668.296875
5668.296875
5668.296875
5668.296875
5668.296875
5668.296875
5668.296875
5668.296875
5668.296875
5668.296875
5668.296875
5668.296875
5668.296875
5668.296875
5668.296875
5668.296875
5668.296875
5668.296875
5668.296875
5668.296875
5668.296875
5668.296875
5668.296875
5668.296875
5668.296875
5668.296875
5668.296875
5668.296875
5669.71875
5684.5
5698.1015625
5710.78125
5723.43359375
5735.8359375
5748.44140625
5760.80859375
5772.75390625
5784.47265625
5796.24609375
5808.20703125
5820.328125
5832.64453125
5844.1953125
5856.08984375
5868.08984375
5879.79296875
5891.015625
5902.15234375
5913.87109375
5925.32421875
5936.9296875
5948.61328125
5960.0
5971.34375
5982.8359375
5994.1171875
6005.4140625
6016.60546875
6027.87890625
6038.44921875
6049.9453125
6061.69921875
6073.05078125
6084.31640625
6095.73046875
6107.1875
6118.296875
6129.51171875
6140.58984375
6151.828125
6163.28125
6174.86328125
6186.16796875
6197.44140625
6208.90625
6220.05859375
6231.65625
6242.73046875
6253.98046875
6265.08984375
6276.19921875
6287.59375
6298.67578125
6309.89453125
6321.0546875
6332.015625
6343.1484375
6354.04296875
6365.390625
6376.58203125
6387.53515625
6398.8203125
6410.01171875
6421.4921875
6432.9609375
6443.90625
6446.3515625
6446.3515625
6446.3515625
6446.3515625
6446.3515625
6446.3515625
6446.3515625
6446.3515625
6446.3515625
6446.3515625
6446.3515625
6446.3515625
6365.859375
5861.859375
4957.921875
5134.390625
5421.22265625
5711.53125
6022.734375
6329.58203125
6446.3515625
6446.3515625
6446.3515625
6446.3515625
6446.3515625
6446.3515625
6446.3515625
6446.3515625
6446.3515625
6446.3515625
6446.3515625
6446.3515625
6446.3515625
6446.3515625
6446.3515625
6446.3515625
6446.3515625
6446.3515625
6446.3515625
6446.3515625
6446.3515625
6446.3515625
6446.3515625
6446.3515625
6446.3515625
6446.3515625
6446.3515625
6446.3515625
6446.3515625
6446.3515625
6446.3515625
6446.3515625
6446.3515625
6446.3515625
6446.3515625
6446.3515625
6446.3515625
6446.3515625
6446.3515625
6446.3515625
6446.3515625
6446.3515625
6446.3515625
6446.3515625
6446.3515625
6446.3515625
6446.3515625
6446.3515625
6446.3515625
6446.3515625
6446.3515625
6446.3515625
6446.3515625
6446.3515625
6446.3515625
6446.3515625
6446.3515625
6446.3515625
6446.3515625
6446.3515625
6446.3515625
6446.3515625
6446.3515625
6446.3515625
6446.3515625
6446.3515625
6446.3515625
6446.3515625
6446.3515625
6446.3515625
6446.3515625
6446.3515625
6446.3515625
6446.3515625
6446.3515625
6446.3515625
6446.3515625
6446.3515625
6446.3515625
6446.3515625
6446.3515625
6446.3515625
6446.3515625
6446.3515625
6446.3515625
6446.3515625
6446.3515625
6446.3515625
6446.3515625
6446.3515625
6446.3515625
6446.3515625
6446.3515625
6446.3515625
6446.3515625
6446.3515625
5669.68359375
5668.3046875
5352.515625
5436.453125
5523.4140625
5610.59375
5698.89453125
5772.8671875
5772.8671875
5772.8671875
5772.8671875
5772.8671875
5774.46484375
5774.46484375
5774.46484375
5774.46484375
5774.46484375
5774.46484375
5774.46484375
5776.05859375
5776.05859375
5776.05859375
5776.05859375
5776.05859375
5776.05859375
5776.05859375
5776.05859375
5776.05859375
5776.05859375
5776.05859375
5776.05859375
5776.05859375
5776.05859375
5776.05859375
5779.24609375
5779.24609375
5779.24609375
5779.24609375
5779.24609375
5779.24609375
5779.24609375
5779.24609375
5779.24609375
5779.24609375
5779.24609375
5779.24609375
5779.24609375
5779.24609375
5779.24609375
5779.24609375
5779.24609375
5779.24609375
5779.24609375
5779.24609375
5779.24609375
5779.24609375
5779.24609375
5779.24609375
5779.24609375
5779.24609375
5779.24609375
5779.24609375
5779.24609375
5779.24609375
5779.24609375
5779.24609375
5779.24609375
5779.24609375
5785.62109375
5785.62109375
5785.62109375
5785.62109375
5785.62109375
5785.62109375
5785.62109375
5785.62109375
5785.62109375
5785.62109375
5785.62109375
5785.62109375
5785.62109375
5785.62109375
5785.62109375
5785.62109375
5785.62109375
5785.62109375
5785.62109375
5785.62109375
5785.62109375
5785.62109375
5785.62109375
5785.62109375
5785.62109375
5785.62109375
5785.62109375
5785.62109375
5785.62109375
5785.62109375
5785.62109375
5785.62109375
5785.62109375
5785.62109375
5785.62109375
5785.62109375
5785.62109375
5785.62109375
5785.62109375
5785.62109375
5785.62109375
5785.62109375
5785.62109375
5785.62109375
5785.62109375
5785.62109375
5785.62109375
5785.62109375
5785.62109375
5785.62109375
5785.62109375
5785.62109375
5785.62109375
5785.62109375
5785.62109375
5785.62109375
5785.62109375
5785.62109375
5785.62109375
5785.62109375
5785.62109375
5785.62109375
5785.62109375
5785.62109375
5785.62109375
5785.62109375
5785.62109375
5785.62109375
5785.62109375
5785.62109375
5785.62109375
5785.62109375
5785.62109375
5785.62109375
5785.62109375
5785.62109375
5785.62109375
5798.25390625
5798.25390625
5798.25390625
5798.25390625
5798.25390625
5798.25390625
5798.25390625
5798.25390625
5798.25390625
5798.25390625
5798.25390625
5798.25390625
5798.25390625
5798.25390625
5798.25390625
5798.25390625
5798.25390625
5798.25390625
5795.73828125
5803.5
5808.34375
5813.375
5818.37109375
5823.1484375
5805.40625
5810.18359375
5815.15625
5820.171875
5825.0234375
5829.671875
5834.453125
5839.0859375
5843.8984375
5848.5859375
5853.4609375
5858.3359375
5863.3359375
5868.2734375
5873.0859375
5877.8984375
5882.7734375
5887.5859375
5892.5859375
5897.4375
5902.5234375
5907.2734375
5912.2734375
5917.0859375
5921.93359375
5926.8359375
5931.70703125
5936.6484375
5941.5859375
5946.5234375
5951.45703125
5956.3359375
5961.1484375
5966.1484375
5971.0859375
5976.0234375
5981.0234375
6169.78515625
6468.81640625
6760.01953125
7064.19921875
7373.37890625
7594.14453125
7705.59375
7806.15234375
7863.24609375
7888.078125
7955.51953125
8050.6796875
8144.015625
8241.3125
8105.40625
6643.0703125
5982.5859375
5982.5859375
5982.5859375
5982.5859375
5982.5859375
5982.5859375
5982.5859375
5982.5859375
5982.5859375
5982.5859375
5982.5859375
5982.5859375
5982.5859375
5982.5859375
5980.5859375
5880.91015625
6146.4140625
6422.3359375
6713.19921875
7008.59375
7300.03125
7310.609375
7361.49609375
7361.49609375
7361.49609375
7361.49609375
7361.49609375
7361.49609375
7361.49609375
7361.49609375
7361.49609375
7361.49609375
7361.49609375
7361.49609375
6768.67578125
5853.60546875
5863.91015625
5863.91015625
5863.91015625
5863.91015625
5863.91015625
5863.91015625
5863.91015625
5863.91015625
5863.91015625
5863.91015625
5863.91015625
5863.91015625
5907.1640625
5888.84375
5893.9921875
5899.21875
5904.37890625
5909.515625
5915.4375
5921.2890625
5927.08203125
5932.9140625
5938.59765625
5941.0390625
5941.0390625
5943.0390625
5947.0390625
5947.0390625
5955.1015625
5955.0390625
5955.0390625
5955.0390625
5971.0390625
5971.0390625
5971.0390625
5971.0390625
5971.0390625
5971.0390625
6003.0390625
6003.0390625
6003.0390625
6003.0390625
6003.0390625
6003.0390625
6003.0390625
6003.0390625
6003.0390625
6003.0390625
6067.0390625
6067.0390625
6067.0390625
6067.0390625
6067.0390625
6067.0390625
6067.0390625
6067.0390625
6067.0390625
6067.0390625
6067.0390625
6067.0390625
6067.0390625
6067.0390625
6067.0390625
6067.0390625
6067.0390625
6067.0390625
6067.0390625
5650.3125
5859.6875
6157.265625
6445.67578125
6743.8203125
7038.90625
7333.09765625
7360.7421875
7360.78125
7360.8203125
7360.86328125
7360.90625
7360.9453125
7360.98828125
7361.02734375
7361.0703125
7361.11328125
7361.15625
7361.1953125
7361.23828125
7361.27734375
7361.3203125
7361.36328125
7361.40625
7361.4453125
7361.48828125
7361.53125
7361.5703125
7361.61328125
7361.65625
7361.6953125
7361.73828125
7361.78125
7361.8203125
7361.86328125
7361.90234375
7361.9453125
7361.98828125
7362.02734375
7362.0703125
7362.109375
7362.15234375
7362.1953125
7362.23828125
7362.27734375
7362.3203125
7362.359375
7362.40234375
7362.44140625
7362.484375
7362.52734375
7362.56640625
7362.60546875
7362.6484375
7362.69140625
7362.734375
7362.7734375
7362.81640625
7362.85546875
7362.890625
7362.93359375
7362.97265625
7363.015625
7363.0546875
7363.09765625
7363.140625
7363.18359375
7363.2265625
7363.265625
7363.3046875
7363.34765625
7363.390625
7363.43359375
7363.47265625
7363.515625
7363.55859375
7363.59765625
7363.640625
7363.6796875
7363.72265625
7363.76171875
7363.8046875
7363.84375
7363.88671875
7363.92578125
7363.96875
7364.01171875
7364.05078125
7364.08984375
7364.1328125
7364.171875
7364.21484375
7364.25390625
7364.296875
7364.33984375
7364.37890625
7364.41796875
7364.453125
7364.48828125
7364.52734375
7364.55859375
7364.59765625
7364.640625
7364.6796875
7364.71875
7364.7578125
7364.796875
7364.8359375
7364.8671875
7364.91015625
7364.94921875
7364.98828125
7365.03125
7365.0703125
7365.11328125
7365.15625
7365.1953125
7365.23828125
7365.28125
7365.3203125
7365.359375
7365.40234375
7365.4453125
7365.484375
7365.52734375
7365.5703125
7365.61328125
7365.65625
7365.69921875
7365.7421875
7365.78125
7365.8203125
7365.86328125
7365.90234375
7365.9453125
7365.98828125
7366.03125
7366.07421875
7366.11328125
7366.16015625
7366.19921875
7366.2421875
7366.28515625
7366.32421875
7366.3671875
7366.41015625
7366.44921875
7366.4921875
7366.53515625
7366.578125
7366.6171875
7366.66015625
7366.703125
7366.7421875
7366.78515625
7366.828125
7366.8671875
7366.91015625
7366.94921875
7366.9921875
7367.03515625
7367.078125
7367.1171875
7367.16015625
7367.203125
7367.2421875
7367.28515625
7367.328125
7367.3671875
7367.41015625
7367.44921875
7367.4921875
7367.53515625
7367.57421875
7367.6171875
7367.66015625
7367.703125
7367.74609375
7367.78515625
7367.828125
7367.87109375
7367.9140625
7367.953125
7367.99609375
7368.0390625
7368.08203125
7368.12109375
7368.1640625
7368.20703125
7368.2421875
7368.28515625
7368.328125
6408.5078125
5744.59765625
5753.55859375
5762.69140625
5772.109375
5781.37109375
5790.70703125
5800.3515625
5809.61328125
5819.328125
5828.65625
5838.16796875
5847.390625
5856.87890625
5866.578125
5875.77734375
5885.3828125
5894.9609375
5904.1796875
5913.84765625
5923.28125
5932.8203125
5942.4921875
5951.83203125
5961.05078125
5970.69921875
5979.96484375
5989.6953125
5999.0234375
6008.8046875
6018.37109375
6027.94140625
6037.50390625
6046.953125
6056.38671875
6065.5
6074.93359375
6084.32421875
6093.640625
6102.98046875
6112.5859375
6122.0
6131.53515625
6140.98046875
6150.09765625
6159.55859375
6168.7578125
6178.46875
6187.75
6197.16015625
6206.60546875
6215.83203125
6225.37890625
6234.765625
6244.109375
6252.9453125
6262.17578125
6271.75
6281.0546875
6290.4921875
6300.21484375
6309.6953125
6319.41015625
6328.98828125
6336.83984375
6344.8359375
6352.9375
6361.26171875
6369.8984375
6379.1171875
6388.4375
6397.140625
6406.36328125
6415.19140625
6423.7109375
6432.15625
6439.703125
6449.37109375
6458.69921875
6468.484375
6477.98828125
6487.3984375
6497.22265625
6506.546875
6515.98046875
6525.671875
6534.88671875
6544.55078125
6553.9765625
6563.43359375
6572.9375
6582.37890625
6591.89453125
6601.33203125
6610.7890625
6619.9375
6629.328125
6638.03125
6647.38671875
6656.8671875
6666.3125
6675.61328125
6685.19140625
6694.26953125
6703.87109375
6713.6875
6723.07421875
6732.8125
6742.1328125
6751.6484375
6761.33984375
6770.73828125
6780.5
6789.91015625
6799.42578125
6808.484375
6817.50390625
6827.19140625
6836.2578125
6845.69921875
6855.4140625
6864.78125
6874.52734375
6884.125
6893.38671875
6902.86328125
6912.2734375
6921.9765625
6931.19140625
6940.5546875
6950.3984375
6959.828125
6969.32421875
6978.71875
6988.05078125
6997.14453125
7006.64453125
7016.24609375
7025.60546875
7034.95703125
7044.69921875
7054.15625
7064.1171875
7073.4296875
7082.8984375
7091.85546875
7100.875
7110.5
7120.2265625
7129.84765625
7139.125
7148.5859375
7158.05078125
7166.9140625
7176.44921875
7185.15625
7194.58984375
7204.2578125
7213.7890625
7223.30078125
7233.0625
7242.25
7252.046875
7261.41015625
7270.80859375
7280.12890625
7289.4296875
7299.12109375
7308.6484375
7318.3203125
7327.94140625
7337.3515625
7347.109375
7356.79296875
7366.390625
7375.30859375
7384.671875
7394.52734375
7404.15625
7413.86328125
7423.63671875
7433.1875
7443.02734375
7452.6640625
7462.30859375
7471.53125
7480.984375
7490.51171875
7500.16796875
7509.8046875
7519.375
7528.90625
7538.53515625
7547.91015625
7557.48828125
7566.34765625
7574.95703125
7584.37109375
7593.7109375
7603.2578125
7612.92578125
7622.453125
7632.25390625
7641.62890625
7651.22265625
7660.390625
7669.703125
7679.31640625
7688.7578125
7698.1953125
7707.26171875
7716.625
7726.1171875
7735.42578125
7744.80078125
7753.3203125
7762.71875
7772.28125
7782.01953125
7791.44140625
7800.96484375
7810.578125
7820.44140625
7829.11328125
7837.109375
7844.73828125
7853.03515625
7861.0
7869.8125
7878.76953125
7887.58203125
7896.44140625
7905.78125
7914.23828125
7922.984375
7930.4140625
7938.6171875
7947.859375
7957.24609375
7966.66015625
7975.96484375
7985.36328125
7994.95703125
7514.0546875
6387.08203125
5421.609375
5423.01171875
5424.296875
5426.078125
5427.203125
5428.34375
5429.45703125
5430.6015625
5431.73046875
5432.86328125
5433.98046875
5435.08984375
5436.26171875
5437.37890625
5438.50390625
5439.62890625
5440.73046875
5441.90234375
5442.98046875
5444.03125
5445.109375
5446.26953125
5456.66796875
5448.578125
5449.73828125
5450.734375
5451.90625
5452.97265625
5453.93359375
5455.0859375
5456.171875
5457.33203125
5458.3203125
5459.44140625
5460.5234375
5461.6953125
5462.703125
5463.83984375
5464.94921875
5466.109375
5467.05859375
5468.13671875
5469.2890625
5470.328125
5471.4453125
5504.13671875
5473.44921875
5474.62890625
5475.7578125
5476.75
5477.87890625
5478.75390625
5479.7421875
5480.71484375
5481.82421875
5482.984375
5484.08984375
5485.14453125
5486.04296875
5487.02734375
5488.16796875
5489.3515625
5490.51171875
5491.515625
5492.6796875
5493.58203125
5494.73046875
5495.69140625
5496.78125
5497.85546875
5498.9453125
5499.91015625
5501.0078125
5502.12109375
5502.93359375
5504.04296875
5505.06640625
5506.09375
5507.09375
5508.1953125
5509.33203125
5510.33984375
5511.5078125
5512.34375
5513.48828125
5514.61328125
5515.51953125
5516.6171875
5517.60546875
5518.5859375
5519.7109375
5532.9765625
5521.7421875
5522.85546875
5523.6171875
5524.71875
5525.83203125
5526.8515625
5528.05859375
5529.2890625
5530.578125
5531.8515625
5533.0390625
5534.08203125
5535.34375
5536.1875
5537.45703125
5538.7265625
5539.94140625
5540.9921875
5542.234375
5543.52734375
5544.80078125
5545.94140625
5547.0390625
5547.96875
5549.05859375
5588.81640625
5550.671875
5551.7421875
5553.015625
5554.19921875
5555.33984375
5556.3125
5557.484375
5558.72265625
5559.98046875
5561.140625
5562.3203125
5563.53125
5564.515625
5565.79296875
5566.515625
5567.78125
5568.953125
5570.19921875
5571.39453125
5619.265625
5573.41015625
5574.546875
5575.70703125
5576.85546875
5578.07421875
5579.25390625
5580.33984375
5581.46875
5582.3125
5583.5078125
5584.16796875
5585.27734375
5586.4375
5587.703125
5588.76171875
5589.921875
5591.078125
5591.98046875
5593.14453125
5594.3125
5595.59375
5596.84375
5598.07421875
5599.26953125
5600.48828125
5601.7890625
5602.69140625
5658.87109375
5604.5703125
5605.73828125
5606.87890625
5608.10546875
5609.375
5610.6015625
5611.80859375
5613.0859375
5613.98828125
5615.17578125
5616.4296875
5617.671875
5618.92578125
5620.19140625
5621.46875
5622.73046875
5623.97265625
5625.21875
5626.046875
5626.50390625
5627.6640625
5628.859375
5630.0234375
5631.2421875
5632.5078125
5633.66796875
5634.91796875
5636.1875
5637.44921875
5638.3046875
5639.58203125
5640.80078125
5642.03515625
5643.296875
5644.5625
5645.81640625
5647.03515625
5648.2578125
5649.49609375
5650.765625
5651.65234375
5652.11328125
5653.38671875
5654.6796875
5655.8359375
5657.01953125
5658.15625
5659.41015625
5660.66796875
5661.94140625
5663.2109375
5664.5
5684.18359375
5666.5
5667.70703125
5668.92578125
5670.16796875
5671.41015625
5672.67578125
5673.9453125
5675.19921875
5676.46875
5677.6953125
5678.97265625
5680.22265625
5680.50390625
5681.2578125
5682.49609375
5683.71484375
5684.9375
5686.203125
5687.484375
5688.75390625
5690.03515625
5691.3203125
5692.5859375
5693.88671875
5695.1328125
5696.27734375
5696.97265625
5698.1484375
5699.265625
5700.40234375
5701.56640625
5702.73828125
5703.95703125
5705.234375
5706.4765625
5707.7421875
5708.99609375
5710.26953125
5711.52734375
5772.41015625
5712.98046875
5759.86328125
5714.9140625
5716.21484375
5717.48828125
5718.671875
5719.8828125
5721.14453125
5722.43359375
5723.67578125
5724.93359375
5726.18359375
5727.4609375
5728.7421875
5729.9921875
5731.24609375
5800.8046875
5733.21875
5734.49609375
5735.7734375
5737.05078125
5738.296875
5739.578125
5740.84765625
5742.12109375
5743.421875
5744.6796875
5745.95703125
5747.234375
5748.4765625
5863.84765625
5749.8203125
5751.05078125
5751.6953125
5752.9609375
5754.23828125
5755.47265625
5756.7734375
5757.95703125
5758.99609375
5760.125
5761.28515625
5762.32421875
5763.5
5764.71875
5765.92578125
5767.15234375
5768.41015625
5769.60546875
5770.796875
5771.93359375
5772.5234375
5773.79296875
5775.0390625
5776.30859375
5777.546875
5778.84765625
5780.08984375
5781.37890625
5782.6328125
5783.875
5785.140625
5786.4453125
5787.7421875
5789.03125
5998.5546875
5790.15625
5791.35546875
5792.6484375
5793.875
5794.40234375
5795.6875
5796.921875
5798.19921875
5799.46484375
5800.703125
5801.984375
5803.24609375
5804.46875
5805.7421875
5807.01953125
5808.27734375
5809.53125
5810.8203125
5812.08203125
5813.33984375
5814.58984375
5815.859375
5817.07421875
5817.6015625
5818.87890625
5820.05078125
5821.3203125
5822.59765625
5823.83984375
5825.1171875
5826.37109375
5827.6328125
5828.9140625
5830.15625
5831.41015625
5832.671875
5833.90625
5835.1953125
5992.97265625
5836.28515625
5837.5234375
5838.80078125
5840.046875
5841.34765625
5841.83984375
5843.09375
5844.359375
5845.63671875
5846.8671875
5848.1328125
5849.3828125
5850.62890625
5851.9140625
5853.1484375
5854.3984375
5855.66796875
5856.93359375
5858.20703125
5859.4296875
5860.66796875
5861.93359375
5863.203125
5864.46875
5865.765625
5867.03515625
5974.7890625
5868.78125
5870.05859375
5871.3671875
5872.6484375
5873.94140625
5875.2265625
5876.50390625
5877.765625
5879.04296875
5880.296875
5881.5390625
5882.8046875
5884.08203125
5885.29296875
5886.55859375
6151.94140625
5887.421875
5888.640625
5889.87109375
5891.11328125
5892.40625
5893.66015625
5894.92578125
6024.61328125
5896.625
5897.890625
5899.140625
5900.40625
5901.66015625
5902.9375
5904.16015625
5905.41015625
5906.703125
5907.9453125
5909.21875
5910.48828125
5911.76171875
5913.02734375
5914.2734375
5915.55078125
5916.84765625
5918.140625
5919.3828125
5920.671875
5921.9453125
5923.234375
5924.50390625
6060.0703125
5926.05078125
5927.328125
5928.578125
5929.8671875
5931.11328125
5932.390625
5933.65234375
5934.94140625
5936.171875
5937.46484375
5938.703125
5939.8515625
5941.10546875
5942.39453125
5943.6640625
5999.4453125
6223.7109375
5945.6484375
5946.81640625
5947.99609375
5949.1328125
5950.2578125
5951.53125
5952.73828125
5953.94140625
5955.125
5956.34375
6084.0234375
5957.89453125
5959.07421875
5960.17578125
5961.41015625
5962.6875
5963.97265625
5965.23828125
5966.49609375
5967.78125
5969.0859375
5970.3515625
5971.59375
5972.8515625
5974.14453125
5975.40234375
5976.65234375
5977.88671875
5979.1484375
5980.4375
5981.7265625
5982.9921875
5984.25
5985.5234375
5986.77734375
5988.046875
5989.32421875
6092.14453125
5990.83203125
5993.05859375
5994.328125
5995.60546875
5996.91796875
5998.1875
5999.4765625
6000.74609375
6002.03515625
6003.328125
6004.6328125
6005.94921875
6007.25390625
6008.5546875
6009.8203125
6011.07421875
6310.26171875
6011.5078125
6012.80078125
6014.09375
6015.37109375
6016.6328125
6017.91015625
6019.1875
6020.46484375
6021.74609375
6023.02734375
6024.26171875
6025.51953125
6067.3203125
6026.98046875
6028.23828125
6029.5078125
6030.765625
6032.01953125
6033.28515625
6034.57421875
6035.7890625
6037.0546875
6038.27734375
6039.578125
6040.87109375
6042.15234375
6043.42578125
6044.67578125
6045.91796875
6047.2109375
6048.47265625
6049.7109375
6050.96484375
6052.22265625
6053.4921875
6054.72265625
6055.9921875
6057.21875
6058.44921875
6059.66015625
6060.9296875
6062.20703125
6063.4921875
6172.80078125
6064.9140625
6066.19140625
6067.46875
6068.73828125
6070.01953125
6071.29296875
6072.59765625
6073.90234375
6075.2265625
6076.51953125
6077.796875
6079.11328125
6080.3828125
6081.67578125
6082.9296875
6084.2109375
6297.1953125
6225.984375
6085.69921875
6086.953125
6088.2265625
6089.51171875
6090.8046875
6092.0859375
6093.35546875
6094.64453125
6095.90234375
6094.2421875
6094.2421875
6094.2421875
6094.2421875
6094.2421875
6094.2421875
6094.2421875
6094.2421875
6094.2421875
6094.2421875
6094.2421875
6094.2421875
6094.2421875
6094.2421875
6094.2421875
6094.2421875
6094.2421875
6094.2421875
6094.2421875
6094.2421875
6094.2421875
6094.2421875
6094.2421875
6094.2421875
6094.2421875
6094.2421875
6094.2421875
6094.2421875
6094.2421875
6094.2421875
6094.2421875
6094.2421875
6094.2421875
6094.2421875
6094.2421875
6094.2421875
6094.2421875
6110.21875
6132.44921875
6155.42578125
6178.515625
6201.484375
6224.796875
6248.6484375
6271.046875
6291.28125
6311.296875
6318.3046875
6318.3046875
6318.3046875
6021.16796875
6316.36328125
6318.3046875
6318.3046875
6318.3046875
6318.3046875
6318.3046875
6318.3046875
6318.3046875
6318.3046875
6318.3046875
6318.3046875
6318.3046875
6318.3046875
6318.3046875
6318.3046875
6318.3046875
6318.3046875
6318.3046875
6318.3046875
6318.3046875
6318.3046875
6318.3046875
6318.3046875
6318.3046875
6318.3046875
6318.3046875
6318.3046875
6318.3046875
6101.875
6101.875
6171.796875
6187.86328125
6258.0703125
6265.875
6366.95703125
6625.26171875
6905.390625
7187.32421875
7489.1328125
7706.609375
7706.609375
7706.609375
7706.609375
7706.609375
7706.609375
7706.609375
7706.609375
7706.609375
7706.609375
7706.609375
7706.609375
7706.609375
7706.609375
7706.609375
7706.609375
7706.609375
7706.609375
7706.609375
7706.609375
7706.609375
7706.609375
7706.609375
7706.609375
7706.609375
7706.609375
7706.609375
7706.609375
7706.609375
7706.609375
7706.609375
6768.03515625
6214.1171875
6317.80078125
6306.56640625
6591.65625
6749.85546875
6751.03125
6752.203125
6753.3828125
6754.56640625
6755.734375
6756.91796875
6758.08984375
6759.2734375
6760.44921875
6239.45703125
6215.078125
6215.078125
6215.078125
6215.078125
6071.57421875
6052.57421875
6045.07421875
5361.2265625
4217.5
3278.39453125
2649.30859375
