2649.30859375
2649.30859375
2692.22265625
2720.74609375
2720.74609375
2720.74609375
2719.98046875
2713.82421875
2713.82421875
2683.4765625
2692.78125
2695.2890625
2697.16796875
2700.9140625
2702.00390625
2703.06640625
2704.23046875
2710.328125
2711.52734375
2712.63671875
2713.78515625
2714.921875
2716.15625
2717.3984375
2718.578125
2726.2421875
2721.0078125
2722.14453125
2723.37109375
2744.421875
2735.50390625
2736.80859375
2737.7421875
2738.8828125
2739.90234375
2753.2421875
2742.0078125
2743.203125
2753.31640625
2745.4765625
2746.55859375
2747.83203125
2748.80859375
2750.0234375
2751.22265625
2752.4609375
2753.3984375
2754.6171875
2755.859375
2757.046875
2758.3359375
2759.2734375
2760.40625
2761.57421875
2762.703125
2763.984375
2765.02734375
2766.234375
2767.4765625
2768.62109375
2769.921875
2792.0078125
2772.0703125
2773.34375
2774.63671875
2775.78515625
2796.55859375
2797.84375
2798.90234375
2800.09765625
2801.33984375
2802.60546875
2803.78515625
2805.0625
2806.3203125
2807.3125
2808.47265625
2809.80859375
2811.03125
2812.21484375
2813.34765625
2814.63671875
2815.9140625
2816.6640625
2817.921875
2819.0546875
2820.23046875
2821.5390625
2822.7578125
2823.74609375
2824.90625
2826.16015625
2827.0625
2828.27734375
2829.30859375
2830.5625
2831.83984375
2833.03515625
2834.234375
2836.62109375
2836.390625
2837.5703125
2865.87890625
2839.61328125
2840.87890625
2858.109375
2843.0546875
2844.32421875
2845.52734375
2846.83984375
2848.12109375
2849.23046875
2850.51171875
2851.796875
2852.640625
2853.95703125
2855.28125
2856.37109375
2857.73828125
2858.93359375
2860.14453125
2861.46875
2862.66015625
2871.55078125
2864.85546875
2866.03515625
2914.9765625
2868.14453125
2869.47265625
2870.7578125
2871.96484375
2872.8671875
2874.0390625
2875.34375
2876.59375
2877.8515625
2879.11328125
2880.40625
2881.3984375
2882.5859375
2883.73046875
2884.37109375
2885.43359375
2886.51953125
2887.76171875
2888.8515625
2889.95703125
2890.71875
2891.890625
2893.07421875
2894.20703125
2895.4375
2896.6484375
2897.86328125
2899.05078125
2915.96875
2901.125
2902.40234375
2986.546875
2904.2578125
2905.5078125
2906.76953125
2908.04296875
2909.31640625
2910.59375
2911.5234375
2912.84765625
2914.1484375
2915.43359375
2916.74609375
2918.0390625
2919.375
2997.87109375
2961.0625
2962.0
2963.30078125
2968.6953125
2965.1171875
2966.3125
2967.55078125
2968.7734375
2970.015625
2971.3125
2972.60546875
2994.203125
2974.83203125
2976.109375
2977.3984375
2978.640625
2979.71875
2980.9375
2982.25
2983.58203125
2984.90625
2986.2421875
2987.15234375
2988.4609375
2988.9375
2990.25390625
2991.5625
2992.85546875
2994.15234375
2995.359375
2996.4375
2997.66015625
2998.96875
3038.4921875
3001.046875
3002.25390625
3003.46875
3004.65234375
3005.87109375
3007.05859375
3008.25390625
3009.515625
3010.72265625
3011.91015625
3013.20703125
3079.44140625
3015.24609375
3150.0703125
3016.84375
3018.140625
3019.4453125
3020.68359375
3021.90625
3023.07421875
3024.28125
3025.4296875
3026.640625
3027.8203125
3028.98046875
3029.7109375
3030.90625
3032.11328125
3033.3984375
3034.6640625
3035.921875
3037.17578125
3038.4765625
3039.78515625
3041.09765625
3042.34375
3043.52734375
3044.73046875
3045.4453125
3077.1796875
3046.88671875
3048.046875
3049.2421875
3050.47265625
3051.66015625
3052.88671875
3054.09375
3055.328125
3056.61328125
3057.91796875
3059.23828125
3060.5859375
3061.921875
3062.671875
3063.9609375
3065.265625
3066.62109375
3067.9609375
3069.30859375
3070.609375
3071.88671875
3073.17578125
3074.49609375
3075.8125
3077.12109375
3078.4375
3079.74609375
3147.91015625
3248.58203125
3081.953125
3083.18359375
3084.46875
3085.7734375
3087.00390625
3088.20703125
3089.4296875
3090.6796875
3091.9375
3093.21484375
3094.39453125
3095.5703125
3096.79296875
3098.06640625
3099.36328125
3176.625
3101.01953125
3102.22265625
3103.40625
3104.6640625
3105.87890625
3107.1328125
3108.43359375
3109.69921875
3110.96484375
3112.19921875
3113.51171875
3114.73828125
3116.05078125
3117.37890625
3118.7109375
3235.53515625
3119.9765625
3144.6171875
3121.7734375
3122.96875
3124.22265625
3125.453125
3126.6484375
3127.79296875
3128.9921875
3130.13671875
3131.34765625
3132.54296875
3133.703125
3134.8984375
3136.08203125
3137.25
3138.4140625
3139.5859375
3140.734375
3141.8828125
3200.8984375
3143.54296875
3144.76171875
3145.95703125
3147.19140625
3148.3828125
3149.6015625
3150.84375
3152.0859375
3153.16796875
3154.2890625
3155.48828125
3156.66015625
3157.8671875
3159.0625
3160.3359375
3161.6171875
3162.8671875
3420.15234375
3163.93359375
3165.08203125
3199.078125
3166.84375
3168.1328125
3169.3359375
3170.60546875
3171.84765625
3173.11328125
3174.3515625
3175.5859375
3176.76953125
3178.01171875
3179.34375
3180.5546875
3181.76171875
3182.95703125
3184.2578125
3185.5703125
3186.87890625
3188.16015625
3189.375
3285.3046875
3191.0625
3192.28515625
3193.4921875
3194.828125
3196.17578125
3197.48828125
3198.7578125
3200.04296875
3201.375
3202.72265625
3203.96875
3205.171875
3206.4140625
3207.63671875
3208.91015625
3210.203125
3211.44140625
3390.71875
3212.35546875
3213.52734375
3214.84375
3216.140625
3216.6015625
3217.8984375
3219.1875
3220.4921875
3221.734375
3222.984375
3224.23046875
3225.46875
3226.72265625
3228.0
3229.31640625
3230.44921875
3231.390625
3232.6796875
3233.91796875
3235.18359375
3236.4140625
3237.55078125
3238.78515625
3239.9296875
3241.046875
3242.1953125
3243.3203125
3288.11328125
3244.7109375
3245.68359375
3246.859375
3248.02734375
3249.2265625
3250.3984375
3251.60546875
3252.75
3253.9453125
3255.19140625
3256.33984375
3257.44921875
3258.49609375
3259.6328125
3260.70703125
3261.90234375
3262.90234375
3264.05078125
3265.1640625
3266.4140625
3410.6796875
3274.68359375
3268.234375
3269.37109375
3270.5546875
3271.703125
3272.921875
3360.59375
3274.359375
3275.4609375
3276.5546875
3277.7734375
3278.9765625
3280.20703125
3281.40234375
3282.578125
3283.81640625
3285.0234375
3286.234375
3287.41796875
3288.66015625
3289.8671875
3291.0625
3292.32421875
3293.54296875
3294.703125
3295.890625
3297.12109375
3298.328125
3299.53125
3300.76171875
3301.9609375
3303.17578125
3304.38671875
3413.9375
3305.82421875
3307.05859375
3308.265625
3309.484375
3310.69921875
3311.90234375
3313.06640625
3314.33203125
3315.46875
3316.71484375
3317.90625
3319.05859375
3320.30078125
3321.55078125
3322.8046875
3323.87109375
3325.10546875
3326.35546875
3327.50390625
3328.76171875
3569.91796875
3329.2265625
3330.46875
3331.67578125
3332.96484375
3493.32421875
3413.33203125
3414.515625
3415.54296875
3416.54296875
3417.796875
3532.3359375
3419.0703125
3420.15234375
3421.33203125
3422.55078125
3423.74609375
3424.88671875
3426.078125
3427.2890625
3428.53125
3429.76171875
3431.046875
3432.32421875
3433.58203125
3434.8203125
3435.94921875
3437.17578125
3438.38671875
3439.609375
3440.87109375
3442.11328125
3443.33203125
3445.56640625
3446.765625
3448.0234375
3449.296875
3450.5703125
3451.82421875
3453.1015625
3454.37890625
3639.8125
3455.859375
3457.15234375
3458.3828125
3459.6640625
3460.734375
3462.0
3463.26953125
3464.55078125
3465.7109375
3466.9453125
3468.17578125
3469.375
3470.58984375
3471.81640625
3473.046875
3474.2890625
3475.51171875
3476.75390625
3477.9609375
3479.22265625
3668.67578125
3622.1015625
3480.74609375
3481.90625
3483.171875
3484.4296875
3485.51171875
3486.68359375
3487.92578125
3489.16015625
3490.3828125
3491.640625
3562.24609375
3492.9921875
3494.234375
3495.48828125
3496.671875
3497.90625
3499.13671875
3500.375
3501.59375
3502.8046875
3503.9609375
3505.22265625
3506.4765625
3507.73046875
3508.953125
3510.20703125
3511.484375
3512.71875
3513.9765625
3515.171875
3516.41796875
3517.6640625
3518.8828125
3520.10546875
3521.3671875
3522.5703125
3523.8203125
3525.046875
3526.30078125
3527.5234375
3528.78125
3530.06640625
3531.20703125
3532.42578125
3705.734375
3533.70703125
3534.92578125
3536.0859375
3537.3359375
3538.5078125
3539.77734375
3540.9921875
3542.203125
3543.4296875
3544.671875
3545.90234375
3547.14453125
3548.27734375
3549.37890625
3550.59765625
3551.8203125
3553.03125
3554.26171875
3555.42578125
3556.6875
3557.9140625
3786.6640625
3855.671875
3559.12109375
3560.35546875
3561.62109375
3562.875
3564.12109375
3565.41015625
3566.6171875
3567.85546875
3569.08203125
3570.35546875
3571.5703125
3572.828125
3574.0859375
3575.26171875
3603.83984375
3576.46875
3577.5859375
3578.8125
3580.0703125
3581.34765625
3582.640625
3583.875
3585.09765625
3586.31640625
3587.46484375
3588.73828125
3589.9921875
3591.2578125
3592.5234375
3593.81640625
3595.10546875
3596.3671875
3597.65625
3598.76953125
3599.93359375
3601.0859375
3602.2109375
3603.453125
3604.6796875
3605.96484375
3607.1953125
3608.40625
3609.6015625
3610.8125
3612.0078125
3613.16015625
3614.44140625
3615.74609375
3617.0703125
3618.36328125
3619.69140625
3728.20703125
3620.81640625
3622.12109375
3623.3828125
3624.69140625
3626.02734375
3627.3046875
3628.59765625
3629.91015625
3631.19921875
3632.4921875
3633.7265625
3635.0078125
3636.26171875
3637.4921875
3638.74609375
3640.05078125
3641.31640625
3642.61328125
3643.89453125
3645.171875
3646.46484375
3928.921875
3930.01953125
3647.4765625
3648.7421875
3650.05078125
3651.3671875
3652.71484375
3653.98828125
3655.25390625
3656.55859375
3657.87109375
3659.171875
3660.4453125
3661.7578125
3663.0234375
3664.31640625
3665.640625
3666.94140625
3668.2265625
3895.1953125
3669.27734375
3670.57421875
3671.8828125
3673.140625
3674.421875
3675.734375
3677.0546875
3678.36328125
3679.66015625
3680.91015625
3682.20703125
3683.52734375
3684.84375
3686.1015625
3687.35546875
3688.63671875
3689.94921875
3691.203125
3692.47265625
3693.70703125
3694.96484375
3696.265625
3697.546875
3698.87109375
3700.15234375
3701.44140625
3702.7109375
3704.0
3705.29296875
3706.609375
3707.8828125
3709.1171875
3710.41015625
3711.72265625
3713.0234375
3714.3046875
3715.62109375
3716.90234375
3718.21484375
3719.4921875
3999.06640625
3720.4921875
3721.76171875
3723.0390625
3724.33203125
3725.5859375
3726.875
3728.19140625
3729.515625
3730.80859375
3732.06640625
3733.33203125
3734.62109375
3735.92578125
3737.23046875
3738.53125
3739.87109375
3741.1484375
3742.4765625
3743.77734375
3745.07421875
3844.80859375
4153.33203125
3934.73828125
3746.9921875
3748.265625
3749.578125
3750.84375
3752.13671875
3753.37890625
3754.640625
3755.94921875
3757.1484375
3758.4140625
3759.68359375
3761.01171875
3762.29296875
3763.55859375
3764.86328125
3766.1640625
3767.4921875
3768.7578125
3770.05078125
3771.3203125
3772.6015625
3775.32421875
4074.28125
3774.81640625
3776.109375
3777.38671875
3778.640625
3779.9296875
3781.24609375
3782.55859375
3783.85546875
3785.14453125
3786.4609375
3787.76953125
3789.0625
3790.25
3791.38671875
3792.55078125
3793.69140625
3794.859375
3796.09375
3797.3046875
3798.546875
3799.82421875
3801.12890625
3802.359375
3803.5859375
3804.6875
3805.93359375
3807.19921875
3808.5
3809.7578125
3811.0625
3812.36328125
3813.64453125
3814.921875
3816.1640625
3817.48046875
3818.76171875
3820.04296875
3821.31640625
3822.56640625
3823.83984375
3825.125
3826.3984375
3827.66796875
3828.921875
3830.18359375
3831.44921875
4116.42578125
3832.26171875
3833.58203125
3834.875
3836.1875
3837.4609375
3838.76953125
3840.07421875
3841.35546875
3842.66015625
3843.953125
3845.265625
3846.5546875
3847.83984375
3849.10546875
3850.4140625
3851.70703125
3852.99609375
3854.26953125
3855.5703125
3856.86328125
3961.1875
4274.203125
4323.81640625
3858.45703125
3859.72265625
3861.03125
3862.31640625
3863.62109375
3864.90234375
3866.21875
3867.4921875
3868.765625
3870.09765625
3871.3828125
3872.671875
3873.94921875
3875.22265625
3876.49609375
3877.79296875
3878.9765625
3880.265625
3881.5703125
3882.7890625
3884.1171875
3885.41796875
3886.71875
3888.0390625
3889.328125
3890.64453125
3891.90625
3990.59765625
4017.94140625
3893.90234375
3895.1953125
3896.51171875
3897.80078125
3899.08203125
3900.40625
3901.703125
3902.98828125
3904.25
3905.52734375
3906.8359375
3908.109375
3909.421875
3910.6796875
3911.95703125
3913.25
3914.5546875
3915.875
3917.171875
3918.46875
3919.796875
3921.125
3922.41796875
3923.6875
3924.953125
3926.25390625
3927.5546875
3928.84765625
3930.10546875
3931.40625
3932.68359375
3933.9765625
3935.29296875
3936.5703125
3937.8515625
3939.15234375
3940.43359375
3941.7265625
3943.00390625
3944.3203125
3945.5859375
3946.87890625
3948.16796875
3949.46875
3950.80078125
3952.08203125
3953.40234375
3954.7109375
3955.99609375
3957.3046875
4137.00390625
3957.88671875
3959.1640625
3960.43359375
3961.6875
3963.00390625
3964.3203125
3965.64453125
3966.90234375
3968.19140625
3969.53125
3970.77734375
3972.0703125
3973.37109375
3974.671875
3975.9453125
3977.19921875
3978.453125
3979.74609375
3981.03515625
3982.33984375
4003.703125
4307.52734375
4598.86328125
4217.78515625
3984.40625
3985.625
3986.890625
3988.15234375
3989.3828125
3990.6015625
3991.89453125
3993.140625
3994.265625
3995.40625
3996.5859375
3997.76171875
3999.01953125
4000.2890625
4001.5859375
4002.87890625
4004.13671875
4005.46484375
4006.70703125
4008.0
4009.27734375
4010.3671875
4011.6015625
4012.8125
4014.1171875
4015.37109375
4016.59375
4017.84375
4019.06640625
4020.296875
4021.60546875
4022.90625
4024.19921875
4025.5078125
4026.765625
4291.453125
4027.30859375
4028.60546875
4029.875
4031.125
4032.41015625
4033.6796875
4034.921875
4036.21875
4037.4921875
4038.82421875
4040.16015625
4041.453125
4042.76171875
4044.05078125
4045.33203125
4046.58203125
4047.8671875
4049.15625
4050.4140625
4051.69140625
4053.02734375
4054.328125
4055.61328125
4056.9296875
4058.16796875
4059.4609375
4060.765625
4062.078125
4063.359375
4064.671875
4065.94921875
4067.24609375
4068.5234375
4069.8046875
4071.09375
4072.38671875
4073.6875
4074.9453125
4076.2265625
4077.5234375
4078.7734375
4080.05078125
4081.28125
4082.59765625
4083.93359375
4085.19921875
4086.484375
4087.78125
4089.078125
4090.34375
4091.6796875
4092.953125
4094.2421875
4095.5546875
4096.8203125
4098.15234375
4099.4140625
4156.3984375
4462.171875
4101.0
4102.28125
4103.55078125
4104.8125
4106.140625
4107.4453125
4108.75
4110.04296875
4111.30859375
4112.5859375
4113.83203125
4115.14453125
4116.38671875
4117.609375
4118.9140625
4120.18359375
4121.4609375
4122.73828125
4124.04296875
4199.39453125
4511.328125
4828.1875
4405.7421875
4125.921875
4127.203125
4128.4921875
4129.78125
4131.046875
4132.33984375
4133.63671875
4134.91015625
4136.1796875
4137.47265625
4138.71875
4139.98046875
4141.296875
4142.609375
4143.89453125
4145.17578125
4146.47265625
4147.76171875
4149.03515625
4150.3203125
4151.59375
4152.91015625
4154.1484375
4155.45703125
4156.74609375
4158.046875
4159.36328125
4160.609375
4161.91015625
4163.17578125
4164.46875
4165.76171875
4167.04296875
4168.33984375
4169.66796875
4170.9375
4172.2734375
4173.5390625
4174.796875
4176.03125
4177.20703125
4178.3046875
4393.171875
4356.43359375
4179.578125
4180.67578125
4181.92578125
4183.12109375
4184.3984375
4185.65234375
4186.5078125
4187.7578125
4188.92578125
4190.14453125
4191.45703125
4192.7578125
4194.04296875
4195.3671875
4196.6953125
4197.984375
4199.265625
4200.55859375
4201.87890625
4203.19921875
4204.4765625
4205.76953125
4207.078125
4208.40625
4209.72265625
4211.01171875
4212.3046875
4213.609375
4214.90234375
4216.19140625
4217.48046875
4218.76171875
4220.078125
4221.390625
4222.68359375
4223.9609375
4225.1953125
4226.4921875
4227.78515625
4229.0703125
4230.40234375
4231.671875
4232.94921875
4234.234375
4235.51171875
4236.81640625
4238.08984375
4239.33984375
4240.60546875
4241.79296875
4243.09375
4244.375
4245.6484375
4246.9453125
4248.1640625
4249.46484375
4250.78125
4252.05859375
4253.3671875
4254.62109375
4255.92578125
4257.23828125
4258.515625
4259.80859375
4261.09765625
4476.84765625
4551.57421875
4262.359375
4263.6484375
4264.93359375
4266.24609375
4267.55859375
4268.8359375
4270.109375
4271.4296875
4272.72265625
4274.01953125
4275.30859375
4276.6171875
4277.890625
4279.16796875
4280.44921875
4281.73828125
4282.9921875
4298.31640625
4601.671875
4905.671875
5192.9375
4331.73046875
4285.37890625
4286.67578125
4287.984375
4289.26953125
4290.55859375
4291.8359375
4293.08203125
4294.3515625
4295.69921875
4296.9921875
4298.28125
4299.57421875
4300.86328125
4302.1328125
4303.42578125
4304.734375
4305.984375
4307.26953125
4308.53125
4309.81640625
4311.1328125
4312.3203125
4313.56640625
4314.85546875
4316.1484375
4317.4375
4318.65625
4319.9140625
4321.21875
4322.5
4323.80859375
4325.08203125
4326.3359375
4327.6640625
4328.94921875
4330.234375
4331.4765625
4332.76953125
4334.08203125
4335.375
4336.609375
4337.88671875
4339.1640625
4340.41796875
4341.7265625
4343.02734375
4344.29296875
4345.59375
4346.8671875
4348.15234375
4349.4140625
4611.64453125
4595.6875
4350.55859375
4351.8515625
4353.15625
4354.4453125
4355.70703125
4356.96875
4358.18359375
4359.50390625
4360.8203125
4362.12109375
4363.41796875
4364.69140625
4366.0
4367.18359375
4368.3125
4369.5546875
4370.6640625
4371.83203125
4373.1015625
4374.37109375
4375.52734375
4376.7734375
4378.02734375
4379.19140625
4380.33984375
4381.5078125
4382.796875
4384.09765625
4385.375
4386.703125
4388.00390625
4389.2890625
4390.57421875
4391.83203125
4393.11328125
4394.4140625
4395.6796875
4396.9296875
4398.234375
4399.5078125
4400.796875
4402.09375
4403.390625
4404.63671875
4405.94140625
4407.24609375
4408.51171875
4409.80078125
4410.96875
4412.265625
4413.55859375
4414.828125
4416.0703125
4417.3359375
4418.6171875
4419.8984375
4421.1875
4422.4453125
4423.69921875
4424.95703125
4426.203125
4427.4921875
4428.73828125
4429.984375
4431.16796875
4432.4375
4433.72265625
4435.0078125
4436.3046875
4437.5390625
4438.86328125
4440.16015625
4441.4453125
4442.73046875
4630.2578125
4939.25
4443.72265625
4445.00390625
4446.2734375
4447.515625
4448.80078125
4450.109375
4451.33203125
4452.62109375
4453.8828125
4455.15625
4456.46484375
4457.75390625
4459.0546875
4460.359375
4461.65234375
4462.9453125
4661.68359375
4968.30859375
5281.5703125
5362.171875
4463.5546875
4464.8203125
4466.12109375
4467.421875
4468.6796875
4469.91796875
4471.23046875
4472.53515625
4473.80859375
4475.05859375
4476.3125
4477.484375
4478.7890625
4480.0703125
4481.37890625
4482.671875
4483.96484375
4485.23046875
4486.53515625
4487.8359375
4489.109375
4490.33984375
4491.64453125
4492.96484375
4494.28515625
4495.5859375
4496.86328125
4498.140625
4499.421875
4500.71875
4502.015625
4503.30078125
4504.609375
4505.90625
4507.2265625
4508.48828125
4509.80078125
4511.08203125
4512.40234375
4513.7109375
4515.03515625
4516.31640625
4517.609375
4518.91015625
4520.2109375
4521.515625
4522.796875
4524.046875
4525.33203125
4526.6640625
4527.94921875
4529.25390625
4530.53125
4531.796875
4533.109375
4534.390625
4535.671875
4536.9375
4538.1796875
4539.46484375
4540.765625
4542.0546875
4696.6875
5003.859375
4542.8984375
4544.19140625
4545.46875
4546.77734375
4548.03515625
4549.35546875
4550.66015625
4551.90625
4553.1875
4554.48828125
4555.7421875
4557.046875
4558.328125
4559.4765625
4560.66015625
4561.8828125
4562.85546875
4564.07421875
4565.34375
4566.62109375
4567.6796875
4568.8515625
4569.98046875
4571.25
4572.50390625
4573.640625
4574.9375
4576.17578125
4577.44921875
4578.6875
4579.984375
4581.27734375
4582.5546875
4583.84765625
4585.14453125
4586.453125
4587.71484375
4588.9609375
4590.2421875
4591.5546875
4592.83203125
4594.10546875
4595.40234375
4596.68359375
4597.94140625
4863.78125
4917.99609375
4917.99609375
4758.92578125
4760.24609375
4761.53515625
4762.84765625
4764.13671875
4765.44140625
4766.73046875
4768.0
4769.265625
4770.5390625
4771.82421875
4773.1640625
4774.38671875
4775.6328125
4776.8046875
4778.09375
4779.33984375
4780.6171875
4781.88671875
4783.12109375
4784.34765625
4785.6328125
4786.90234375
4788.22265625
4789.515625
4790.796875
4792.0859375
4793.3671875
4794.63671875
4795.9375
4797.1796875
4798.40234375
4799.703125
4800.9375
4802.25390625
4803.53125
4804.80859375
4806.11328125
4807.40625
4873.01171875
5177.55078125
5149.828125
4809.2578125
4810.54296875
4811.8046875
4813.078125
4814.390625
4815.6953125
4816.98046875
4818.28515625
4819.57421875
4820.85546875
4822.12109375
4823.4375
4824.71875
5111.359375
5408.85546875
5707.46484375
6018.12109375
4944.80859375
4825.90625
4827.22265625
4828.48828125
4829.77734375
4831.06640625
4832.33984375
4833.65234375
4834.9296875
4836.2109375
4837.5390625
4838.83984375
4840.1640625
4841.48046875
4842.81640625
4844.125
4845.3984375
4846.671875
4847.99609375
4849.25390625
4850.5390625
4851.80859375
4853.07421875
4854.3828125
4855.66015625
4856.94921875
4858.2421875
4859.48828125
4860.8046875
4862.03125
4863.31640625
4864.62890625
4865.91015625
4867.23046875
4868.51171875
4869.7421875
4871.03515625
4872.3046875
4873.51171875
4874.76953125
4876.05078125
4877.33984375
4878.6171875
4879.88671875
4881.17578125
4882.453125
4883.74609375
4885.06640625
4886.3203125
4887.5390625
4888.83203125
4890.11328125
4891.4140625
4892.703125
4894.00390625
4895.30859375
4896.578125
4897.8828125
4899.1953125
4900.48828125
4901.7890625
4903.0546875
4904.39453125
4905.7109375
4907.015625
4908.19921875
4909.40625
4910.5
4911.48828125
4912.671875
4913.94921875
4915.1796875
4916.390625
4917.671875
4918.8359375
4920.09765625
5077.1796875
5365.16015625
5184.1015625
4921.609375
4922.84765625
4924.109375
4925.37109375
4926.640625
4927.8984375
4929.13671875
4930.4375
4931.72265625
4932.9921875
4934.24609375
4935.52734375
4936.8515625
4938.140625
4939.41015625
4925.20703125
4772.8828125
4773.98828125
4775.25
4776.546875
4777.82421875
4779.125
4780.41796875
4781.7109375
4782.984375
4784.2578125
4785.5390625
4786.828125
4788.12109375
4789.39453125
4790.6640625
4791.98828125
4793.3046875
4794.62109375
4795.9140625
4797.22265625
4798.51953125
4799.8359375
4801.13671875
4802.421875
4803.734375
4805.0078125
4806.27734375
4807.578125
4808.875
4810.21875
4811.48046875
4812.78125
4814.07421875
4815.359375
4816.64453125
4817.91015625
4819.16796875
4820.46875
4821.734375
4823.0234375
4824.26171875
4825.53515625
4826.81640625
4828.10546875
4829.3046875
4830.59765625
4831.87890625
4833.1796875
4834.47265625
4835.78515625
4837.078125
4838.34375
4839.6328125
4840.8828125
4842.1484375
4843.4375
4844.73828125
4846.0546875
4847.3671875
4848.65234375
4849.9296875
4851.234375
4852.51953125
4853.8125
4855.1171875
4856.359375
4857.65234375
4858.91796875
4860.22265625
4861.48046875
4862.78125
4864.08203125
4865.390625
4866.703125
4868.01953125
4869.33984375
4870.65625
5070.3828125
5380.25
5019.51171875
4872.1875
4873.4765625
4874.78125
4876.0703125
4877.328125
4878.625
4879.9453125
4881.2421875
4882.4921875
5182.8515625
5472.19921875
5777.25
6084.7890625
5657.671875
4882.88671875
4884.16796875
4885.4609375
4886.7734375
4888.0390625
4889.3359375
4890.5546875
4891.8125
4893.07421875
4894.20703125
4895.4609375
4896.75
4897.99609375
4899.18359375
4900.41015625
4901.61328125
4902.78125
4903.984375
4905.234375
4906.49609375
4907.703125
4908.84375
4910.03515625
4911.1640625
4912.34375
4913.515625
4914.6875
4915.84765625
4916.984375
4918.1875
4919.34765625
4920.5546875
4921.71875
4922.796875
4923.984375
4925.1875
4926.3671875
4927.53515625
4928.76171875
4929.9296875
4930.9765625
4932.05859375
4933.21875
4934.30078125
4935.3671875
4936.48046875
4937.5859375
4938.74609375
4939.796875
4940.95703125
4942.15625
4943.4296875
4944.72265625
4945.95703125
4947.22265625
4948.4609375
4949.703125
4950.8359375
4951.96484375
4953.1953125
4954.46875
4955.70703125
4956.98828125
4958.27734375
4959.5625
4960.7578125
4962.03515625
4963.19921875
4964.43359375
4965.61328125
4966.74609375
4967.9765625
4969.171875
4970.40625
4971.6484375
4972.78515625
4973.9296875
4975.15625
4976.33203125
4977.42578125
4978.625
4979.828125
4981.1015625
4982.375
4983.62109375
4984.8203125
4986.125
4987.453125
4988.71875
4990.03515625
4991.30078125
4992.53515625
4993.80859375
4995.10546875
4996.40625
4997.640625
5251.69140625
5567.0859375
5114.4921875
4999.01953125
5000.3125
5001.60546875
5002.8984375
5004.2109375
5005.48828125
5006.7578125
5008.0703125
5009.34375
5010.6328125
5011.890625
5013.19921875
5014.50390625
5015.796875
5017.1171875
5018.42578125
5019.6875
5020.984375
5022.3125
5023.6015625
5024.9140625
5026.20703125
5027.5
5028.8125
5030.12890625
5031.3984375
5032.7109375
5033.9921875
5035.28125
5036.5859375
5037.88671875
5039.17578125
5040.42578125
5041.75
5043.03125
5044.31640625
5045.58984375
5046.79296875
5047.9453125
5049.1640625
5050.421875
5051.5859375
5052.69140625
5053.68359375
5054.859375
5056.11328125
5057.3046875
5058.4609375
5059.640625
5060.75
5061.9765625
5063.2265625
5064.4296875
5065.66796875
5066.890625
5068.1015625
5069.3828125
5070.5546875
5071.75
5072.93359375
5074.18359375
5075.375
5076.625
5077.87109375
5079.1328125
5080.3203125
5081.515625
5082.7265625
5083.95703125
5085.19140625
5086.2109375
5087.0
5087.96875
5089.07421875
5090.22265625
5091.47265625
5092.57421875
5093.65625
5094.8515625
5096.05078125
5097.1875
5098.3359375
5099.53515625
5100.75390625
5101.984375
5103.19921875
5104.40625
5105.6171875
5106.82421875
5108.0703125
5109.30859375
5110.58984375
5111.80078125
5112.96484375
5114.2578125
5115.5546875
5116.77734375
5117.97265625
5119.1328125
5120.328125
5121.5390625
5122.7421875
5123.8984375
5125.015625
5126.18359375
5127.42578125
5128.6328125
5129.86328125
5131.0
5132.09765625
5306.00390625
5604.390625
5883.98046875
5132.9765625
5134.28125
5135.546875
5136.828125
5269.29296875
5574.5
5884.33203125
6178.26171875
6507.56640625
6292.09375
5166.09375
5138.7265625
5140.0078125
5141.265625
5142.54296875
5143.8125
5145.1015625
5146.34375
5147.61328125
5148.84765625
5150.171875
5151.5
5152.73828125
5153.99609375
5155.2421875
5156.546875
5157.83203125
5159.12890625
5160.453125
5161.734375
5162.95703125
5164.23046875
5165.5234375
5166.76953125
5167.9765625
5169.24609375
5170.53515625
5171.71875
5172.953125
5174.171875
5175.36328125
5176.65234375
5177.9296875
5179.22265625
5180.48828125
5181.7890625
5183.09375
5184.3671875
5185.6484375
5186.75
5187.72265625
5188.546875
5189.65625
5190.84375
5192.03515625
5193.1796875
5194.3515625
5195.5078125
5196.58984375
5197.69921875
5198.83984375
5200.06640625
5201.34375
5202.609375
5203.84765625
5205.10546875
5206.3671875
5207.55078125
5208.87890625
5210.19140625
5211.40625
5212.671875
5213.93359375
5215.18359375
5216.421875
5217.65234375
5218.83984375
5220.0
5221.2265625
5222.52734375
5223.76171875
5224.9921875
5226.26953125
5227.48828125
5228.76953125
5230.046875
5231.265625
5232.53515625
5233.81640625
5234.9921875
5236.2890625
5237.5546875
5238.83203125
5240.09375
5241.375
5242.69140625
5243.9609375
5245.24609375
5246.53515625
5247.79296875
5249.1015625
5250.35546875
5251.66796875
5252.9453125
5254.2109375
5255.50390625
5256.7734375
5257.9765625
5259.21484375
5260.4765625
5261.75390625
5262.9921875
5264.265625
5265.49609375
5266.77734375
5268.0625
5269.33984375
5270.609375
5271.88671875
5273.1640625
5274.44921875
5275.765625
5364.0703125
5666.48046875
5979.89453125
5388.77734375
5277.859375
5279.1484375
5280.46875
5281.765625
5283.06640625
5284.39453125
5285.6875
5286.97265625
5288.234375
5289.4765625
5290.71875
5291.90625
5293.21484375
5294.54296875
5295.87109375
5297.109375
5298.37109375
5299.51953125
5300.625
5301.8203125
5303.07421875
5304.2734375
5305.546875
5306.828125
5308.05078125
5309.19921875
5310.484375
5311.609375
5312.63671875
5313.8046875
5315.03515625
5316.28125
5317.5859375
5318.7421875
5319.9765625
5321.25
5322.4765625
5323.67578125
5324.87890625
5326.10546875
5327.3984375
5328.63671875
5329.9375
5331.26953125
5332.58203125
5333.91796875
5335.23046875
5336.4921875
5337.71875
5338.953125
5340.2265625
5341.46484375
5342.77734375
5344.09375
5345.3515625
5346.64453125
5347.921875
5349.21484375
5350.5
5351.7421875
5352.99609375
5354.25
5355.53515625
5356.8125
5358.09765625
5359.40625
5360.68359375
5361.9765625
5363.27734375
5364.578125
5365.82421875
5367.1015625
5368.40234375
5369.67578125
5370.98046875
5372.26171875
5373.56640625
5374.859375
5376.13671875
5377.46484375
5378.66015625
5379.953125
5381.25
5382.5390625
5383.8828125
5385.15234375
5386.44140625
5387.75390625
5389.03125
5390.31640625
5391.55859375
5392.80859375
5394.05859375
5395.3046875
5396.5625
5397.81640625
5399.08203125
5400.3203125
5401.58203125
5402.83984375
5404.1015625
5405.36328125
5406.609375
5407.859375
5409.1328125
5410.37890625
5411.62890625
5412.8671875
5414.08984375
5415.33984375
5416.546875
5417.78125
5419.01953125
5420.2890625
5421.5625
5422.83984375
5424.09375
5425.375
5426.6484375
5644.015625
5946.1875
6244.71484375
6555.9140625
6879.65234375
6965.4296875
5673.4296875
5427.96875
5429.1953125
5447.58984375
5760.59765625
6066.33203125
5993.2578125
5431.046875
5432.34765625
5433.6328125
5434.9296875
5436.20703125
5437.4765625
5438.8046875
5440.09765625
5441.3984375
5442.68359375
5443.98828125
5445.296875
5446.61328125
5447.921875
5449.21875
5450.49609375
5451.8125
5453.08203125
5454.3359375
5455.640625
5456.890625
5458.171875
5459.484375
5460.78515625
5462.08984375
5463.3671875
5464.703125
5465.98828125
5467.296875
5468.58984375
5469.8828125
5471.2265625
5472.53125
5473.84765625
5475.140625
5476.4296875
5477.7421875
5479.00390625
5480.33203125
5481.65234375
5482.9453125
5484.27734375
5485.58203125
5487.24609375
5488.5078125
5489.78515625
5491.15234375
5492.48046875
5493.81640625
5495.29296875
5496.63671875
5498.15625
5499.56640625
5500.8046875
5502.1875
5503.5625
5505.01171875
5506.3828125
5507.87109375
5509.36328125
5510.7734375
5512.24609375
5513.65625
5515.2734375
5516.56640625
5518.2734375
5519.55859375
5520.8984375
5522.4140625
5523.89453125
5525.328125
5526.8984375
5528.328125
5529.72265625
5531.22265625
5532.6171875
5534.0625
5535.5859375
5537.04296875
5538.34375
5539.8984375
5541.3125
5542.7890625
5544.25390625
5545.85546875
5547.265625
5548.62890625
5550.05078125
5551.45703125
5553.0703125
5554.41796875
5555.94140625
5557.31640625
5558.85546875
5560.2109375
5561.67578125
5563.12109375
5564.59375
5566.09765625
5567.52734375
5569.0859375
5570.515625
5571.95703125
5573.4609375
5574.94140625
5576.40625
5577.81640625
5579.2890625
5580.7890625
5582.18359375
5583.72265625
5585.09375
5586.6640625
5588.31640625
5589.60546875
5591.0390625
5592.51953125
5594.1484375
5595.5
5596.953125
5598.50390625
5599.8515625
5601.34375
5602.890625
5604.265625
5605.64453125
5607.18359375
5796.25
6102.33203125
6412.36328125
5800.16015625
5608.9609375
5610.38671875
5611.81640625
5613.296875
5614.8046875
5616.34375
5617.72265625
5619.1484375
5620.66015625
5622.15625
5623.59765625
5625.1328125
5626.5546875
5628.05859375
5629.56640625
5630.97265625
5632.52734375
5633.953125
5635.40625
5637.03515625
5638.33984375
5639.8203125
5641.30859375
5642.73046875
5644.12109375
5645.55078125
5647.125
5648.53125
5649.9921875
5651.52734375
5652.95703125
5654.91796875
5656.25390625
5657.546875
5658.859375
5660.296875
5661.87109375
5663.16015625
5664.72265625
5666.00390625
5667.36328125
5668.9375
5670.3125
5671.7109375
5673.18359375
5674.58984375
5676.01171875
5677.328125
5678.79296875
5680.14453125
5681.53515625
5683.03125
5684.55078125
5685.91015625
5687.40625
5688.828125
5690.27734375
5691.81640625
5693.3203125
5694.70703125
5696.15625
5697.65625
5699.15625
5700.62109375
5702.17578125
5703.52734375
5705.01171875
5706.484375
5707.93359375
5709.39453125
5710.90234375
5712.52734375
5713.8515625
5715.18359375
5716.55078125
5717.921875
5719.28125
5720.79296875
5722.12109375
5723.44921875
5724.82421875
5726.2578125
5727.6015625
5729.23046875
5730.48046875
5731.48828125
5732.62890625
5733.91796875
5735.2890625
5736.78515625
5738.19140625
5739.73046875
5741.14453125
5742.6171875
5744.07421875
5745.5546875
5746.8828125
5748.36328125
5749.76171875
5751.1796875
5752.66796875
5754.05078125
5755.66796875
5757.00390625
5758.55859375
5759.9140625
5761.625
5763.265625
5764.5703125
5765.83984375
5767.34375
5768.7109375
5770.11328125
5771.6328125
5773.03515625
5774.42578125
5775.8515625
5777.41796875
5778.78515625
5780.28125
5781.734375
5783.48828125
5784.78125
5786.12890625
5799.05078125
6107.6953125
6419.45703125
6728.30859375
7058.484375
7392.8046875
7707.58984375
7171.58984375
6243.58984375
5788.25
5789.66015625
5791.19921875
5792.72265625
5794.01953125
5795.59765625
5796.9453125
5798.37890625
5799.796875
5801.23828125
5802.7265625
5972.59765625
6280.28125
6572.0703125
6406.16796875
5804.015625
5805.55078125
5806.90625
5808.37890625
5809.95703125
5811.34375
5812.75
5814.234375
5815.61328125
5817.1015625
5818.546875
5820.0
5821.48046875
5822.9765625
5824.421875
5825.84375
5827.53125
5829.01171875
5830.38671875
5831.8515625
5833.40234375
5834.765625
5836.19140625
5837.75
5839.08984375
5840.54296875
5842.01953125
5843.46484375
5845.01953125
5846.38671875
5847.87890625
5849.24609375
5850.8046875
5852.2265625
5853.62109375
5855.1484375
5856.6015625
5857.91796875
5859.34765625
5860.70703125
5862.203125
5863.44921875
5864.80078125
5865.98828125
5867.13671875
5868.5
5869.890625
5871.3671875
5872.59765625
5873.70703125
5875.015625
5876.4375
5877.75390625
5879.26171875
5880.734375
5882.0625
5883.22265625
5884.69921875
5886.04296875
5887.28515625
5888.66796875
5890.0390625
5891.484375
5893.0
5894.26171875
5895.7109375
5897.08984375
5898.46875
5899.87890625
5901.30859375
5902.6484375
5904.02734375
5905.1953125
5906.4296875
5907.48046875
5908.640625
5909.8671875
5910.5078125
5910.90625
5911.40625
5912.71875
5914.0546875
5915.4296875
5916.82421875
5918.06640625
5919.07421875
5920.3125
5921.54296875
5922.74609375
5924.0078125
5925.34765625
5926.7109375
5927.7578125
5929.1484375
5930.56640625
5931.84765625
5933.2890625
5934.640625
5935.9140625
5951.80078125
6232.76171875
6246.453125
6246.453125
6246.453125
6246.453125
6246.453125
6246.453125
6246.453125
6246.453125
6246.453125
6246.453125
6246.453125
6246.453125
6246.453125
6246.453125
6246.453125
6246.453125
6246.453125
6246.453125
6246.453125
6246.453125
6246.453125
6246.453125
6246.453125
6246.453125
6246.453125
6246.453125
6246.453125
6246.453125
6246.453125
6246.453125
6246.453125
6246.453125
6246.453125
6246.453125
6246.453125
6246.453125
6246.453125
6246.453125
6246.453125
6246.453125
6246.453125
6246.453125
6246.453125
6246.453125
6246.453125
6246.453125
6246.453125
6246.453125
6246.453125
6246.453125
6246.453125
6246.453125
6246.453125
6246.453125
6246.453125
6246.453125
6246.453125
6246.453125
6246.453125
6246.453125
6246.453125
6246.453125
6246.453125
6246.453125
6246.453125
6246.453125
6246.453125
6246.453125
6246.453125
6246.453125
6246.453125
6246.453125
6246.453125
6246.453125
6246.453125
6246.453125
6246.453125
6246.453125
6246.453125
6246.453125
6246.453125
6246.453125
6246.453125
6246.453125
6246.453125
6246.453125
6246.453125
6246.453125
6246.453125
6246.453125
6246.453125
6246.453125
6246.453125
6246.453125
6246.453125
6246.453125
6246.453125
6246.453125
6246.453125
6246.453125
6246.453125
6246.453125
6246.453125
6246.453125
6246.453125
6246.453125
6246.453125
6246.453125
6246.453125
6246.453125
6246.453125
6246.453125
6246.453125
6246.453125
6246.453125
6246.453125
6246.453125
6246.453125
6246.453125
6246.453125
6246.453125
6246.453125
6246.453125
6246.453125
6246.453125
6246.453125
6246.453125
6246.453125
6246.453125
6246.453125
6246.453125
6246.453125
6246.453125
6246.453125
6246.453125
6246.453125
6246.453125
6246.453125
6246.453125
6246.453125
6246.453125
6246.453125
6246.453125
6246.453125
6246.453125
6246.453125
6246.453125
6246.453125
6246.453125
6246.453125
6246.453125
6246.453125
6246.453125
6246.453125
6246.453125
6246.453125
6246.453125
6246.453125
6246.453125
6246.453125
6246.453125
6246.453125
6246.453125
6246.453125
6246.453125
6246.453125
6246.453125
6246.453125
6246.453125
6254.62890625
6268.265625
6281.0390625
6293.171875
6303.9375
6313.82421875
6323.39453125
6329.9140625
6340.78125
6351.26171875
6362.2890625
6370.14453125
6375.40234375
6383.00390625
6390.3125
6400.06640625
6409.4765625
6418.671875
6426.4609375
6433.921875
6441.2265625
6450.23046875
6459.5
6469.37109375
6478.19921875
6489.2890625
6500.09375
6510.7734375
6520.9375
6531.734375
6541.7421875
6552.12890625
6562.57421875
6573.06640625
6582.19140625
6591.79296875
6602.3671875
6612.78515625
6623.046875
6633.8359375
6644.66015625
6655.17578125
6666.23046875
6676.921875
6687.359375
6697.38671875
6707.99609375
6718.453125
6727.9296875
6737.6875
6746.21484375
6755.0390625
6762.90234375
6771.69921875
6780.10546875
6788.8828125
6797.68359375
6806.4921875
6814.0390625
6822.62890625
6831.1796875
6840.91015625
6850.92578125
6860.578125
6870.64453125
6879.6015625
6887.43359375
6897.65234375
6906.93359375
6916.109375
6924.1015625
6933.27734375
6941.68359375
6950.375
6959.26171875
6967.37109375
6975.7578125
6984.83203125
6993.41796875
7002.0859375
7011.01953125
7020.140625
7030.48046875
7040.73046875
7050.421875
7059.9140625
7069.63671875
7079.34375
7090.03515625
7100.9140625
7111.33984375
7121.52734375
7132.28515625
7142.671875
7152.765625
7163.11328125
7173.4375
7183.47265625
7193.73828125
7204.578125
7215.671875
7226.9921875
7238.3984375
7248.796875
7256.65234375
7256.65234375
7256.65234375
7256.65234375
7256.65234375
7256.65234375
7256.65234375
7256.65234375
7256.65234375
7256.65234375
7256.65234375
7256.65234375
7256.65234375
7256.65234375
7256.65234375
7256.65234375
7256.65234375
7256.65234375
6970.75
5919.625
5321.9140625
5594.06640625
5882.140625
6155.2265625
6450.83203125
6763.3359375
7070.59375
7256.65234375
7256.65234375
7256.65234375
7256.65234375
7256.65234375
7256.65234375
7256.65234375
7256.65234375
7256.65234375
7256.65234375
7256.65234375
7256.65234375
7256.65234375
7256.65234375
7256.65234375
7256.65234375
7256.65234375
7256.65234375
7256.65234375
7256.65234375
7256.65234375
7256.65234375
7256.65234375
7256.65234375
7256.65234375
7256.65234375
7256.65234375
7256.65234375
7256.65234375
7256.65234375
7256.65234375
7256.65234375
7256.65234375
7256.65234375
7256.65234375
7256.65234375
7256.65234375
7256.65234375
7256.65234375
7256.65234375
7256.65234375
7256.65234375
7256.65234375
7256.65234375
7256.65234375
7256.65234375
7256.65234375
7256.65234375
7256.65234375
7256.65234375
7256.65234375
7256.65234375
7256.65234375
7256.65234375
7256.65234375
7256.65234375
7256.65234375
7256.65234375
7256.65234375
7256.65234375
7256.65234375
7256.65234375
7256.65234375
7256.65234375
7256.65234375
7256.65234375
7256.65234375
7256.65234375
7256.65234375
7256.65234375
7256.65234375
7256.65234375
7256.65234375
7256.65234375
7256.65234375
7256.65234375
7256.65234375
7256.65234375
7256.65234375
7256.65234375
7256.65234375
7256.65234375
7256.65234375
7256.65234375
7256.65234375
7256.65234375
7256.65234375
7256.65234375
7256.65234375
7256.65234375
7256.65234375
7256.65234375
7256.65234375
7256.65234375
7256.65234375
7256.65234375
7256.65234375
7256.65234375
7256.65234375
7256.65234375
7256.65234375
7256.65234375
7256.65234375
7256.65234375
7256.65234375
7256.65234375
7256.65234375
7256.65234375
7256.65234375
7256.65234375
7256.65234375
7256.65234375
7256.65234375
7256.65234375
7256.65234375
7256.65234375
7256.65234375
7256.65234375
7256.65234375
7256.65234375
7256.65234375
7256.65234375
7256.65234375
7256.65234375
7256.65234375
7256.65234375
7256.65234375
6808.4296875
6246.4609375
6246.4609375
5986.171875
6073.56640625
6155.1171875
6235.9765625
6320.28125
6404.50390625
6469.1953125
6469.1953125
6469.1953125
6469.1953125
6469.1953125
6469.1953125
6469.1953125
6471.0703125
6471.0703125
6471.0703125
6471.0703125
6471.0703125
6471.0703125
6471.0703125
6471.07421875
6472.94921875
6472.94921875
6472.94921875
6472.94921875
6472.94921875
6472.94921875
6472.94921875
6472.94921875
6472.94921875
6472.94921875
6472.94921875
6472.94921875
6472.94921875
6472.94921875
6472.94921875
6472.94921875
6472.94921875
6472.94921875
6472.94921875
6476.69921875
6476.69921875
6476.69921875
6476.69921875
6476.69921875
6476.69921875
6476.69921875
6476.69921875
6476.69921875
6476.69921875
6476.69921875
6476.69921875
6476.69921875
6476.69921875
6476.69921875
6476.69921875
6476.69921875
6476.69921875
6476.69921875
6476.69921875
6476.69921875
6476.69921875
6476.69921875
6476.69921875
6476.69921875
6476.69921875
6476.69921875
6476.69921875
6476.69921875
6476.69921875
6476.69921875
6476.69921875
6476.69921875
6476.69921875
6476.69921875
6476.69921875
6476.69921875
6476.69921875
6476.69921875
6476.69921875
6476.69921875
6476.69921875
6476.69921875
6484.19921875
6484.19921875
6484.19921875
6484.19921875
6484.19921875
6484.19921875
6484.19921875
6484.19921875
6484.19921875
6484.19921875
6484.19921875
6484.19921875
6484.19921875
6484.19921875
6484.19921875
6484.19921875
6484.19921875
6484.19921875
6484.19921875
6484.19921875
6484.19921875
6484.19921875
6484.19921875
6484.19921875
6484.19921875
6484.19921875
6484.19921875
6484.19921875
6484.19921875
6484.19921875
6484.19921875
6484.19921875
6484.19921875
6484.19921875
6484.19921875
6484.19921875
6484.19921875
6484.19921875
6484.19921875
6484.19921875
6484.19921875
6484.19921875
6484.19921875
6484.19921875
6484.19921875
6484.19921875
6484.19921875
6484.19921875
6484.19921875
6484.19921875
6484.19921875
6484.19921875
6484.19921875
6484.19921875
6484.19921875
6484.19921875
6484.19921875
6484.19921875
6484.19921875
6484.19921875
6484.19921875
6484.19921875
6484.19921875
6484.19921875
6484.19921875
6484.19921875
6484.19921875
6484.19921875
6484.19921875
6484.19921875
6484.19921875
6484.19921875
6484.19921875
6484.19921875
6484.19921875
6484.19921875
6484.19921875
6484.19921875
6484.19921875
6484.19921875
6484.19921875
6484.19921875
6484.19921875
6484.19921875
6484.19921875
6484.19921875
6484.19921875
6484.19921875
6484.19921875
6484.19921875
6484.19921875
6484.19921875
6470.40234375
6498.67578125
6498.67578125
6498.67578125
6498.67578125
6498.67578125
6498.67578125
6498.67578125
6498.67578125
6498.67578125
6498.67578125
6498.67578125
6498.67578125
6498.67578125
6498.67578125
6498.67578125
6498.67578125
6498.67578125
6498.67578125
6498.67578125
6498.67578125
6498.67578125
6498.67578125
6498.984375
6504.40234375
6509.15234375
6513.83984375
6518.33984375
6522.96484375
6526.90625
6531.65234375
6536.40234375
6541.27734375
6546.02734375
6550.77734375
6555.65234375
6560.40234375
6565.33984375
6570.08984375
6574.69921875
6579.58984375
6584.40234375
6589.171875
6593.90234375
6598.77734375
6603.65234375
6608.40234375
6613.08984375
6617.77734375
6622.65234375
6627.33984375
6632.15625
6637.08984375
6641.92578125
6646.90234375
6651.6875
6656.52734375
6661.40234375
6666.27734375
6671.16796875
6675.83984375
6680.40234375
6685.08984375
6689.90234375
6694.65234375
6699.43359375
6704.40234375
6709.27734375
6713.94921875
6718.90234375
6723.40234375
6728.08984375
6732.94921875
6737.77734375
6833.45703125
7094.26171875
7353.7890625
7606.9921875
7863.95703125
8122.60546875
8379.9375
8616.31640625
8801.7421875
8894.33984375
8984.71484375
9080.0625
9174.42578125
9263.234375
9353.140625
9439.80078125
9525.10546875
9613.0
9699.23046875
9569.953125
8459.4140625
7361.234375
6740.65234375
6740.65234375
6740.65234375
6740.65234375
6740.65234375
6740.65234375
6740.65234375
6740.65234375
6740.65234375
6740.65234375
6740.65234375
6740.65234375
6740.65234375
6740.65234375
6740.65234375
6740.65234375
6740.65234375
6740.65234375
6740.65234375
6739.65234375
6463.33203125
6738.60546875
7023.45703125
7310.01171875
7589.48046875
7878.79296875
8157.58203125
8437.82421875
8437.82421875
8496.88671875
8497.3046875
8497.3046875
8497.3046875
8497.3046875
8497.3046875
8497.3046875
8497.3046875
8497.3046875
8497.3046875
8497.3046875
8497.3046875
8497.3046875
8497.3046875
8497.3046875
8497.3046875
8418.9140625
7305.4765625
6546.07421875
6546.3125
6546.3125
6546.3125
6546.3125
6546.3125
6546.3125
6546.3125
6546.3125
6546.3125
6546.3125
6546.3125
6546.3125
6546.3125
6546.3125
6561.4453125
6574.5
6579.26171875
6584.9609375
6590.63671875
6596.375
6602.140625
6607.80078125
6613.3984375
6619.0859375
6624.81640625
6630.43359375
6635.92578125
6641.9296875
6647.4296875
6650.7421875
6657.6796875
6660.5546875
6672.81640625
6673.1796875
6675.33203125
6677.4296875
6683.31640625
6696.6796875
6698.4296875
6699.9921875
6701.3046875
6702.5546875
6703.6796875
6704.59765625
6737.30859375
6738.2421875
6739.1796875
6740.09765625
6740.9921875
6741.7421875
6742.4296875
6743.0546875
6743.57421875
6744.07421875
6744.54296875
6808.6796875
6809.0546875
6809.4296875
6809.7421875
6810.0546875
6810.2421875
6810.4921875
6810.6796875
6810.8046875
6810.9296875
6811.0546875
6811.09765625
6811.1796875
6811.2421875
6811.2421875
6811.3046875
6811.3046875
6811.3046875
6811.3046875
6952.8515625
6993.72265625
6939.0546875
6939.0546875
6939.0546875
6939.0546875
6939.0546875
6939.0546875
6939.0546875
6398.640625
6501.921875
6798.1484375
7067.125
7342.2421875
7633.06640625
7919.9765625
8212.2578125
8505.50390625
8614.453125
8614.4921875
8614.53515625
8614.57421875
8614.6171875
8614.65625
8614.69921875
8614.73828125
8614.78125
8614.8203125
8614.86328125
8614.90625
8614.94921875
8614.98828125
8615.02734375
8615.0703125
8615.11328125
8615.15234375
8615.1953125
8615.23046875
8615.26953125
8615.3125
8615.35546875
8615.39453125
8615.4375
8615.4765625
8615.51953125
8615.5625
8615.6015625
8615.640625
8615.68359375
8615.72265625
8615.76171875
8615.80078125
8615.84375
8615.8828125
8615.92578125
8615.96484375
8616.0078125
8616.046875
8616.0859375
8616.125
8616.1640625
8616.20703125
8616.25
8616.2890625
8616.328125
8616.3671875
8616.40625
8616.44140625
8616.48046875
8616.51953125
8616.5625
8616.6015625
8616.640625
8616.68359375
8616.72265625
8616.76171875
8616.8046875
8616.84765625
8616.88671875
8616.921875
8616.9609375
8617.0
8617.0390625
8617.078125
8617.11328125
8617.15625
8617.19140625
8617.234375
8617.2734375
8617.30859375
8617.33984375
8617.375
8617.40625
8617.44140625
8617.48046875
8617.51953125
8617.55859375
8617.59375
8617.6328125
8617.671875
8617.7109375
8617.75
8617.7890625
8617.82421875
8617.8671875
8617.90625
8617.9453125
8617.98828125
8618.03125
8618.07421875
8618.11328125
8618.15625
8618.1875
8618.2265625
8618.26171875
8618.296875
8618.33203125
8618.37109375
8618.41015625
8618.4375
8618.46875
8618.50390625
8618.5390625
8618.578125
8618.61328125
8618.65234375
8618.69140625
8618.72265625
8618.75390625
8618.78515625
8618.8125
8618.84375
8618.88671875
8618.92578125
8618.9609375
8619.00390625
8619.04296875
8619.0859375
8619.12890625
8619.16796875
8619.2109375
8619.25
8619.28515625
8619.328125
8619.37109375
8619.41015625
8619.453125
8619.49609375
8619.53515625
8619.578125
8619.61328125
8619.65234375
8619.6953125
8619.734375
8619.77734375
8619.8203125
8619.859375
8619.90234375
8619.9453125
8619.984375
8620.02734375
8620.0703125
8620.109375
8620.15234375
8620.19140625
8620.23046875
8620.2734375
8620.31640625
8620.35546875
8620.3984375
8620.44140625
8620.4765625
8620.51953125
8620.55859375
8620.6015625
8620.64453125
8620.68359375
8620.7265625
8620.765625
8620.80859375
8620.8515625
8620.890625
8620.9296875
8620.97265625
8621.01171875
8621.0546875
8621.09375
8621.13671875
8621.17578125
8621.21484375
8621.25390625
8621.2890625
8621.33203125
8621.37109375
8621.4140625
8621.453125
8621.49609375
8621.5390625
8621.578125
8621.62109375
8621.6640625
8621.703125
8621.74609375
8621.7890625
8621.828125
8621.87109375
8621.9140625
8621.953125
8621.99609375
8622.03515625
8622.07421875
8622.11328125
8622.1484375
8622.1875
8622.23046875
8622.2734375
8622.3125
8622.35546875
8622.3984375
8622.4375
8622.48046875
8622.5234375
8622.56640625
8622.60546875
8622.6484375
8622.6875
8622.73046875
8622.76953125
8622.8125
8622.85546875
8622.89453125
8622.9375
8622.9765625
8623.01953125
8623.05859375
8623.1015625
8623.140625
8623.1796875
8623.22265625
8623.26171875
8623.3046875
8623.34375
8623.38671875
8623.42578125
8623.46484375
8623.5
8623.53515625
8623.57421875
8623.61328125
8623.6484375
8623.69140625
8623.734375
8623.7734375
8623.81640625
8623.85546875
8623.89453125
8623.9375
8623.9765625
8624.01171875
8624.05078125
8624.0859375
8624.125
8624.1640625
8624.19921875
8624.23828125
8624.27734375
8624.3125
8456.796875
7382.26171875
6521.56640625
6529.91015625
6537.46875
6545.66015625
6553.98828125
6563.28515625
6571.859375
6580.4296875
6589.34375
6597.41015625
6605.54296875
6613.90625
6621.73828125
6630.0703125
6639.01953125
6647.57421875
6656.515625
6664.9765625
6672.72265625
6680.34375
6688.04296875
6695.01171875
6703.07421875
6711.359375
6719.73046875
6728.5859375
6736.51171875
6744.8515625
6753.30078125
6762.17578125
6771.33984375
6780.72265625
6789.71484375
6798.8203125
6808.25
6817.58203125
6826.88671875
6835.9453125
6845.25
6853.5234375
6860.859375
6868.75390625
6877.35546875
6886.16796875
6895.65234375
6905.0625
6914.09375
6922.65234375
6931.20703125
6939.57421875
6947.87109375
6955.8046875
6963.8515625
6972.6640625
6982.06640625
6991.3125
7000.5234375
7009.8046875
7019.33203125
7028.75
7038.13671875
7047.59765625
7057.0390625
7066.25
7075.71875
7084.9921875
7094.25
7103.22265625
7112.57421875
7121.953125
7131.34765625
7140.83984375
7150.1015625
7159.4609375
7168.8828125
7178.24609375
7187.4453125
7196.8359375
7206.05859375
7215.33984375
7224.74609375
7234.21875
7243.5078125
7252.8828125
7262.14453125
7271.609375
7280.98828125
7290.41015625
7299.60546875
7309.0859375
7318.47265625
7327.91796875
7337.109375
7346.48046875
7355.7890625
7364.63671875
7372.6484375
7381.015625
7389.55078125
7398.01953125
7406.64453125
7415.02734375
7424.375
7432.8046875
7441.49609375
7450.078125
7459.6171875
7467.93359375
7476.0546875
7484.22265625
7492.5234375
7500.828125
7509.32421875
7517.9375
7526.6328125
7535.29296875
7544.19921875
7553.52734375
7562.75390625
7571.765625
7580.12109375
7588.78125
7596.4921875
7604.61328125
7612.91015625
7621.49609375
7630.69140625
7639.81640625
7649.07421875
7658.2109375
7667.1796875
7676.35546875
7685.50390625
7695.0078125
7704.4296875
7713.421875
7722.90234375
7732.26171875
7741.21484375
7749.2890625
7757.85546875
7767.078125
7776.2578125
7785.6328125
7795.0390625
7804.0625
7813.39453125
7822.6640625
7832.02734375
7841.35546875
7850.33984375
7858.33203125
7867.23828125
7876.5
7885.8046875
7894.96484375
7904.2109375
7913.5078125
7922.140625
7931.33984375
7940.61328125
7949.8828125
7959.1953125
7968.01171875
7976.8125
7986.078125
7994.90625
8003.4375
8010.96875
8018.12890625
8025.796875
8033.7890625
8041.5234375
8049.74609375
8058.01953125
8066.5390625
8075.35546875
8084.41015625
8093.2109375
8101.6875
8109.5625
8117.3203125
8125.91015625
8135.17578125
8144.609375
8153.31640625
8161.58203125
8169.4453125
8178.01953125
8186.42578125
8195.26953125
8204.2578125
8213.55078125
8222.71484375
8232.04296875
8241.09375
8250.48046875
8259.74609375
8268.60546875
8276.796875
8285.50390625
8293.484375
8302.15625
8310.69921875
8319.3046875
8328.64453125
8337.72265625
8346.7109375
8355.328125
8364.375
8373.5703125
8382.7109375
8391.6875
8400.91015625
8410.2265625
8419.63671875
8428.90625
8438.24609375
8447.2109375
8456.51953125
8465.9296875
8475.1484375
8484.421875
8493.59765625
8502.640625
8511.96875
8521.33203125
8530.55859375
8539.390625
8548.80078125
8558.21484375
8567.71484375
8577.08984375
8586.3125
8595.6328125
8604.92578125
8614.27734375
8623.59375
8632.80078125
8642.2109375
8651.51953125
8660.95703125
8670.22265625
8679.3515625
8688.58203125
8697.84375
8707.296875
8716.56640625
8725.62890625
8735.05078125
8744.33984375
8753.5546875
8762.8359375
8772.08203125
8781.1015625
8790.2109375
8799.40625
8808.640625
8817.04296875
8826.046875
8835.29296875
8844.48046875
8853.609375
8863.02734375
8872.171875
8881.3671875
8890.6875
8899.93359375
8908.5703125
8917.80078125
8927.0390625
8936.26171875
8945.4375
8954.71875
8963.7421875
8972.578125
8980.51953125
8989.14453125
8998.078125
9007.40625
9017.00390625
9026.31640625
9035.4609375
9044.8203125
9054.0546875
9063.5234375
9072.734375
9082.1015625
9090.6328125
9099.41015625
9108.7578125
9118.16015625
9127.484375
9136.8359375
9145.91796875
9155.03515625
9164.2578125
9173.26171875
9181.9921875
9191.3046875
9200.80078125
9209.421875
9218.3984375
9227.390625
9236.4140625
9245.35546875
9254.65625
9263.90625
9273.10546875
9282.3984375
9291.5625
9300.703125
9309.84375
9319.3359375
9328.44921875
9337.765625
9346.9921875
9356.12109375
9364.921875
9374.02734375
9382.53125
9391.51171875
9399.71484375
9407.71484375
9415.7421875
9424.21484375
9433.03125
9441.33984375
9448.66015625
9456.28125
9086.1640625
8112.96484375
6980.0703125
6144.26171875
6145.34375
6146.11328125
6148.171875
6149.296875
6150.19140625
6151.2890625
6152.16796875
6153.15234375
6154.23046875
6155.28515625
6156.3203125
6164.20703125
6158.578125
6159.59765625
6160.71484375
6161.74609375
6162.796875
6163.828125
6164.89453125
6165.9375
6167.125
6168.17578125
6169.25390625
6170.3671875
6171.33203125
6172.46484375
6173.546875
6174.5390625
6175.60546875
6176.7109375
6177.76953125
6178.75
6179.86328125
6180.984375
6181.99609375
6183.0859375
6184.26953125
6185.37109375
6186.51953125
6187.56640625
6188.671875
6189.765625
6190.92578125
6192.00390625
6193.046875
6194.18359375
6195.2421875
6196.33984375
6197.49609375
6198.49609375
6199.44140625
6200.546875
6201.56640625
6202.7265625
6203.921875
6205.01953125
6205.9609375
6207.11328125
6224.05078125
6209.41796875
6210.578125
6211.76171875
6212.796875
6213.6953125
6214.8203125
6215.95703125
6216.89453125
6218.00390625
6219.14453125
6220.23828125
6221.296875
6222.20703125
6223.4375
6224.6328125
6225.8125
6226.84765625
6227.984375
6229.2109375
6230.421875
6231.44921875
6232.38671875
6233.59765625
6234.80078125
6236.0078125
6237.05078125
6238.234375
6239.45703125
6240.69921875
6241.87890625
6242.59375
6243.86328125
6245.1015625
6246.35546875
6247.6015625
6248.6796875
6249.88671875
6251.13671875
6252.390625
6253.62109375
6300.60546875
6255.4765625
6256.73046875
6257.94921875
6259.1875
6260.43359375
6278.79296875
6262.671875
6263.87890625
6265.14453125
6266.3828125
6267.59375
6313.4140625
6269.36328125
6270.6015625
6271.84765625
6273.0390625
6274.23828125
6275.515625
6300.65234375
6277.70703125
6278.921875
6280.09765625
6281.3359375
6282.55859375
6283.7734375
6284.5234375
6285.4609375
6286.703125
6287.921875
6289.15234375
6290.3828125
6291.59375
6292.84375
6293.8046875
6295.046875
6296.265625
6297.484375
6298.7265625
6299.9453125
6301.15234375
6301.78515625
6303.03125
6303.9765625
6305.2109375
6306.453125
6307.671875
6308.93359375
6310.13671875
6311.3515625
6312.58203125
6313.5078125
6314.76953125
6315.96484375
6317.140625
6318.28515625
6319.26953125
6320.40625
6389.79296875
6322.1640625
6323.38671875
6324.21875
6325.3671875
6326.58203125
6327.68359375
6328.76171875
6329.86328125
6330.98828125
6332.1484375
6333.390625
6334.59765625
6335.43359375
6336.625
6337.8203125
6339.02734375
6340.15625
6341.31640625
6342.4140625
6453.53515625
6344.0546875
6345.2421875
6346.421875
6347.18359375
6348.38671875
6349.5625
6350.8125
6352.046875
6353.3046875
6354.53125
6355.65625
6356.84375
6358.05078125
6359.1953125
6360.01953125
6361.17578125
6362.31640625
6363.49609375
6364.65625
6365.828125
6367.0390625
6426.26953125
6368.64453125
6369.81640625
6371.01171875
6372.19140625
6372.98828125
6374.17578125
6375.359375
6376.5625
6377.74609375
6378.91796875
6380.11328125
6381.26171875
6382.4609375
6383.6796875
6384.8828125
6386.06640625
6456.8984375
6387.96484375
6389.1328125
6390.3125
6391.50390625
6392.6796875
6393.87109375
6395.08203125
6479.87890625
6396.56640625
6397.76171875
6398.91015625
6400.0703125
6401.234375
6470.7578125
6403.12109375
6404.3125
6405.44140625
6406.56640625
6407.69140625
6408.80078125
6409.94140625
6411.1328125
6412.296875
6413.4453125
6414.4765625
6415.5078125
6416.57421875
6417.67578125
6418.38671875
6419.5625
6420.70703125
6421.796875
6422.85546875
6423.9765625
6425.171875
6426.21875
6427.37109375
6427.51171875
6428.64453125
6429.703125
6430.86328125
6431.94140625
6433.07421875
6434.234375
6442.65625
6436.04296875
6437.21484375
6438.44140625
6439.6015625
6440.75390625
6441.96875
6443.109375
6444.28125
6445.4765625
6446.6484375
6447.83984375
6449.03515625
6450.2578125
6451.37109375
6452.5078125
6471.73828125
6454.23828125
6455.33203125
6456.48046875
6457.6015625
6458.765625
6459.9609375
6460.96875
6462.078125
6580.39453125
6463.25390625
6464.33984375
6465.48828125
6466.63671875
6467.8125
6469.015625
6470.140625
6471.234375
6472.3359375
6472.953125
6474.0234375
6475.1328125
6476.21484375
6477.2890625
6478.42578125
6479.55078125
6480.71484375
6481.6015625
6482.4609375
6483.37109375
6484.14453125
6484.96484375
6485.90625
6486.921875
6487.859375
6488.8671875
6489.8203125
6490.86328125
6492.01171875
6493.0390625
6493.53515625
6494.57421875
6495.65625
6496.71875
6497.84375
6498.93359375
6499.96484375
6500.9609375
6502.015625
6641.87890625
6503.05859375
6504.26953125
6505.48828125
6506.68359375
6507.921875
6509.15625
6510.36328125
6511.60546875
6512.8203125
6514.00390625
6515.22265625
6515.71484375
6516.9375
6518.16796875
6519.39453125
6520.578125
6521.78515625
6522.9609375
6524.140625
6525.20703125
6526.359375
6527.46875
6528.65234375
6529.83984375
6531.05859375
6532.20703125
6533.37890625
6534.546875
6535.70703125
6536.90234375
6538.11328125
6538.65234375
6539.8203125
6541.04296875
6542.22265625
6543.453125
6544.578125
6545.71875
6546.83203125
6715.62109375
6547.8359375
6549.06640625
6550.26171875
6551.49609375
6552.7109375
6553.8828125
6555.08984375
6556.28515625
6557.51953125
6558.72265625
6559.94140625
6561.1171875
6562.2734375
6664.234375
6563.9375
6565.14453125
6566.28125
6567.41796875
6568.59375
6569.73828125
6570.88671875
6572.0859375
6573.2421875
6574.40625
6575.58203125
6576.796875
6578.01171875
6579.2578125
6580.49609375
6581.66796875
6582.86328125
6584.0859375
6585.32421875
6586.53515625
6587.671875
6588.8203125
6612.921875
6590.37890625
6591.5625
6592.73046875
6593.94921875
6595.18359375
6596.4375
6597.64453125
6881.765625
6598.51953125
6599.68359375
6600.87890625
6602.12109375
6603.31640625
6604.5
6605.70703125
6606.93359375
6608.10546875
6609.34765625
6610.54296875
6611.71875
6612.9609375
6614.1875
6615.38671875
6616.58203125
6665.546875
6618.140625
6619.390625
6620.609375
6621.83203125
6623.02734375
6624.234375
6625.47265625
6626.671875
6627.86328125
6629.09765625
6630.359375
6631.5703125
6632.80859375
6634.015625
6635.234375
6636.453125
6637.66015625
6638.8828125
6640.1328125
6641.36328125
6642.55859375
6643.77734375
6645.01953125
6646.203125
6657.35546875
6647.7578125
6648.95703125
6650.1875
6651.41015625
6652.625
6653.8671875
6830.81640625
6654.60546875
6655.75390625
6656.96484375
6658.1953125
6659.3046875
6660.5625
6661.78125
6662.98828125
6664.1953125
6665.43359375
6666.62890625
6667.80078125
6668.9140625
6669.92578125
6671.0625
6672.15234375
6673.1796875
6674.40234375
6675.62109375
6676.79296875
6690.16015625
6678.28125
6679.390625
6680.4765625
6681.640625
6682.79296875
6684.04296875
6685.2421875
6686.47265625
6687.69921875
6688.94140625
6690.12890625
6691.34765625
6692.578125
6693.8203125
6694.96875
6696.08984375
6697.28515625
6698.4765625
6699.65234375
6700.84765625
6702.046875
6703.27734375
6704.51953125
6705.69140625
6706.83984375
6708.01171875
6709.2421875
6710.46875
6810.32421875
6711.921875
6713.04296875
6714.234375
6716.40625
6717.57421875
6718.79296875
6927.48828125
6719.23046875
6720.45703125
6721.62109375
6722.84375
6723.95703125
6725.08203125
6726.24609375
6727.3984375
6728.5625
6729.80078125
6731.0234375
6732.23046875
6733.4765625
6734.671875
6735.90625
6737.15234375
6738.22265625
6739.4375
6740.58984375
6741.828125
6743.078125
6744.3046875
6745.51953125
6746.69921875
6759.61328125
6747.984375
6749.1015625
6750.26171875
6751.40625
6752.5234375
6753.65625
6754.80859375
6755.94921875
6757.09375
6758.2734375
6759.359375
6760.546875
6761.6640625
6762.8203125
6763.953125
6765.09765625
6766.30078125
6767.49609375
6768.68359375
6769.84375
6771.03125
6772.21875
6773.328125
6774.51953125
6775.65234375
6776.8359375
6778.00390625
6779.19921875
6780.375
6781.57421875
6782.74609375
6783.8984375
6784.984375
6959.84765625
6786.26953125
6787.47265625
6788.6953125
6789.9140625
6807.75390625
7099.734375
6791.2421875
6792.30859375
6793.40625
6794.5078125
6795.63671875
6796.7734375
6797.95703125
6799.08203125
6800.2578125
6801.44921875
6802.59765625
6803.63671875
6804.72265625
6805.859375
6806.97265625
6808.1328125
6809.2421875
6810.28125
6811.35546875
6812.46875
6813.5234375
6814.27734375
6815.23828125
6816.234375
6817.2109375
6818.20703125
6819.265625
6817.74609375
6817.74609375
6817.74609375
6817.74609375
6817.74609375
6817.74609375
6817.74609375
6817.74609375
6817.74609375
6817.74609375
6817.74609375
6817.74609375
6817.74609375
6817.74609375
6817.74609375
6817.74609375
6772.96875
6772.96875
6772.96875
6772.96875
6772.96875
6772.96875
6772.96875
6772.96875
6772.96875
6772.96875
6772.96875
6772.96875
6772.96875
6772.96875
6772.96875
6772.96875
6772.96875
6772.96875
6772.96875
6772.96875
6772.96875
6772.96875
6772.96875
6772.96875
6772.96875
6772.96875
6772.96875
6783.59375
6806.43359375
6829.09765625
6851.0
6872.84765625
6892.7109375
6915.8359375
6937.9609375
6960.5078125
6980.8359375
6997.81640625
6997.81640625
6997.81640625
6704.78515625
6748.46875
6997.81640625
6997.81640625
6997.81640625
6997.81640625
6997.81640625
6997.81640625
6997.81640625
6997.81640625
6997.81640625
6997.81640625
6997.81640625
6997.81640625
6997.81640625
6997.81640625
6997.81640625
6997.81640625
6997.81640625
6997.81640625
6997.81640625
6997.81640625
6997.81640625
6997.81640625
6997.81640625
6997.81640625
6997.81640625
6997.81640625
6997.81640625
6997.81640625
6997.81640625
6919.70703125
6782.890625
6773.55078125
6829.578125
6855.34765625
6946.9140625
7047.296875
6907.984375
7176.796875
7444.98828125
7716.203125
7985.41796875
8246.7734375
8520.91015625
8810.12890625
8864.2265625
8864.2265625
8864.2265625
8864.2265625
8864.2265625
8864.2265625
8864.2265625
8864.2265625
8864.2265625
8864.2265625
8864.2265625
8864.2265625
8864.2265625
8864.2265625
8864.2265625
8864.2265625
8864.2265625
8864.2265625
8864.2265625
8864.2265625
8864.2265625
8864.2265625
8864.2265625
8864.2265625
8864.2265625
8864.2265625
8864.2265625
8864.2265625
8864.2265625
8864.2265625
8864.2265625
8864.2265625
8864.2265625
8864.2265625
8864.2265625
8864.2265625
8864.2265625
8864.2265625
8864.2265625
8864.2265625
8864.2265625
8864.2265625
8864.2265625
7999.3671875
6930.9921875
6976.08984375
7037.19921875
6964.08984375
7210.94921875
7467.4453125
7468.5625
7469.71484375
7470.80859375
7471.90234375
7472.9765625
7474.0
7475.0234375
7476.14453125
7477.12890625
7478.1640625
7054.30859375
6940.203125
6905.859375
6905.859375
6905.859375
6905.859375
6893.83203125
6620.10546875
6602.60546875
6592.60546875
6589.85546875
5526.7421875
4457.83203125
3346.5859375
2443.890625
