2758.1796875
2758.1796875
2799.9765625
2829.34765625
2829.34765625
2828.58203125
2799.44140625
2800.90234375
2806.078125
2808.2734375
2814.546875
2815.9453125
2822.08984375
2818.6484375
2819.99609375
2831.1484375
2832.4921875
2833.78125
2841.1875
2836.53515625
2837.81640625
2839.1875
2840.48828125
2841.78515625
2843.1328125
2844.4921875
2845.74609375
2847.08203125
2867.90234375
2869.27734375
2870.64453125
2871.9375
2873.30859375
2874.66796875
2875.90625
2877.125
2878.44140625
2879.57421875
2880.93359375
2882.23828125
2883.65234375
2884.7421875
2886.12890625
2887.4609375
2889.0234375
2890.2109375
2891.25
2892.44921875
2893.796875
2895.25
2897.484375
2897.66015625
2899.08984375
2900.40234375
2901.80859375
2903.20703125
2904.19140625
2905.546875
2906.96484375
2908.234375
2909.6484375
2911.03125
2920.21484375
2992.8984375
2953.6796875
2955.08984375
2956.5078125
2957.7734375
2959.19140625
2960.48046875
2972.5703125
2962.796875
2964.171875
2965.609375
2966.796875
2968.22265625
2969.60546875
3000.6484375
2989.09375
2973.23046875
2974.59765625
2975.98046875
2977.328125
2978.51171875
2979.8359375
2981.265625
2982.25390625
2985.05859375
2987.46484375
2990.39453125
2993.29296875
2996.01171875
2998.9296875
3001.1640625
3003.9375
3006.81640625
3008.65625
3011.61328125
3014.04296875
3016.9296875
3019.7734375
3022.67578125
3025.51171875
3045.1484375
3030.6328125
3033.546875
3036.4140625
3038.11328125
3041.00390625
3043.84765625
3046.08984375
3048.93359375
3051.734375
3054.65234375
3057.31640625
3060.09765625
3062.3203125
3065.08984375
3067.875
3109.17578125
3072.2421875
3074.9453125
3077.60546875
3079.76953125
3082.43359375
3085.09375
3087.79296875
3090.58203125
3093.3125
3096.0703125
3098.14453125
3100.8515625
3103.51171875
3145.97265625
3107.5390625
3110.2265625
3112.9453125
3129.81640625
3117.66015625
3120.42578125
3123.06640625
3125.66015625
3128.2890625
3130.94140625
3133.62890625
3160.74609375
3137.85546875
3140.53515625
3143.18359375
3232.03515625
3147.01953125
3149.66796875
3152.26171875
3154.83203125
3194.29296875
3159.23828125
3161.7734375
3164.34375
3167.14453125
3169.5703125
3172.19140625
3174.84375
3177.44140625
3274.5234375
3339.08984375
3260.23828125
3262.8359375
3265.4296875
3268.01953125
3269.05859375
3271.65625
3274.30859375
3276.80859375
3279.37890625
3281.90625
3283.55078125
3285.98046875
3288.5234375
3291.1328125
3293.59375
3296.08984375
3298.57421875
3301.02734375
3303.4375
3306.01953125
3307.58203125
3310.2265625
3312.7578125
3315.28515625
3316.1171875
3318.66015625
3320.98828125
3323.50390625
3326.1484375
3328.42578125
3330.71484375
3359.52734375
3334.625
3336.83203125
3339.19140625
3341.546875
3343.8828125
3346.26171875
3348.59375
3350.76953125
3353.23046875
3355.46875
3357.81640625
3370.82421875
3361.55078125
3364.0078125
3366.546875
3494.6171875
3369.28515625
3371.70703125
3374.21875
3376.5546875
3378.94140625
3381.16796875
3383.61328125
3385.99609375
3388.421875
3389.765625
3392.0859375
3394.22265625
3396.40625
3398.6796875
3401.09375
3403.62109375
3406.08203125
3408.5703125
3410.94140625
3413.44921875
3415.61328125
3417.9765625
3419.11328125
3421.4296875
3423.78515625
3539.0390625
3426.35546875
3428.6171875
3430.8671875
3433.34375
3435.6328125
3437.921875
3440.48046875
3443.41796875
3445.81640625
3448.30078125
3450.72265625
3451.953125
3454.3203125
3456.71875
3459.08984375
3461.48046875
3463.78515625
3466.328125
3468.484375
3470.984375
3473.37890625
3475.77734375
3478.1640625
3480.55859375
3482.984375
3586.19140625
3486.62109375
3489.09375
3663.2421875
3491.5859375
3494.00390625
3496.39453125
3498.68359375
3501.03125
3503.40234375
3505.78515625
3508.09375
3510.44921875
3512.6875
3515.09765625
3517.4453125
3564.640625
3520.94921875
3523.26171875
3525.5625
3527.94140625
3530.2109375
3532.62890625
3534.97265625
3537.41796875
3539.71875
3542.16796875
3544.5546875
3546.84765625
3549.16796875
3551.5703125
3553.9296875
3556.25390625
3557.40234375
3559.75
3784.80078125
3561.91796875
3564.23828125
3566.50390625
3568.8515625
3571.16796875
3573.4765625
3575.765625
3578.125
3580.46875
3582.84375
3585.14453125
3587.640625
3589.8046875
3592.1328125
3594.43359375
3678.05859375
3597.75390625
3600.0078125
3602.2578125
3604.48828125
3606.7578125
3609.078125
3611.39453125
3613.6171875
3615.875
3618.1640625
3620.48046875
3622.72265625
3625.06640625
3627.3203125
3629.609375
3631.84765625
3634.1328125
3645.34765625
3637.3046875
3806.91015625
3639.1015625
3641.36328125
3643.609375
3645.71484375
3648.15234375
3650.16796875
3652.39453125
3654.57421875
3656.74609375
3658.765625
3660.71484375
3662.8671875
3665.09375
3667.26171875
3669.49609375
3671.61328125
3673.7890625
3675.890625
3677.8828125
3787.9296875
3680.54296875
3682.5625
3684.6484375
3686.765625
3688.7734375
3690.87890625
3693.10546875
3695.265625
3697.2890625
3699.4140625
3701.4296875
3703.5546875
3705.7734375
3707.98046875
3710.234375
3712.53125
3714.71875
3716.91015625
3719.08984375
3721.3359375
3723.53515625
3949.2109375
3773.32421875
3725.65625
3727.859375
3730.16796875
3732.29296875
3734.5859375
3736.8359375
3739.02734375
3741.296875
3743.515625
3745.875
3748.10546875
3750.27734375
3752.5625
3754.8125
3757.00390625
3759.21484375
3761.4296875
3763.73828125
3765.921875
3768.05859375
3770.36328125
3785.57421875
3773.24609375
3775.24609375
3777.3125
3779.48828125
3781.71484375
3783.93359375
3786.17578125
3788.3125
3790.54296875
3792.72265625
3794.92578125
3797.015625
3799.16796875
3801.3671875
3803.5390625
3805.6953125
3807.84375
3810.046875
3812.234375
3814.41015625
3816.58984375
3818.75
4111.26953125
3819.77734375
3821.96875
3822.5546875
3824.66796875
3826.8359375
3828.94921875
3831.15234375
3833.34765625
3835.578125
3837.6875
3839.87109375
3842.08984375
3844.26953125
3846.453125
3848.63671875
3850.74609375
3852.9375
3855.125
3857.3203125
3859.390625
3861.5078125
3863.39453125
3865.53515625
3867.6796875
3869.88671875
3872.05859375
3874.1875
4033.64453125
3876.73828125
3878.859375
3881.109375
3883.0625
3885.25390625
3887.375
3889.515625
3891.6796875
3893.8203125
3895.9296875
3898.06640625
3900.16796875
3902.40625
3904.5859375
3906.70703125
3908.8359375
3910.94921875
3913.06640625
3915.25390625
4047.57421875
4236.34765625
4236.34765625
4076.8203125
4079.0390625
4081.18359375
4083.6875
4346.875
4084.1171875
4086.1953125
4088.328125
4090.48046875
4090.76953125
4093.03515625
4095.18359375
4097.39453125
4099.52734375
4101.79296875
4103.92578125
4106.078125
4108.32421875
4110.3359375
4112.48046875
4114.67578125
4116.83984375
4119.01171875
4121.15625
4123.24609375
4125.40234375
4127.60546875
4129.74609375
4131.87109375
4134.0390625
4136.140625
4138.3671875
4140.421875
4142.51953125
4144.71875
4146.86328125
4149.01171875
4157.28125
4151.1796875
4153.21484375
4155.1484375
4157.17578125
4159.25
4161.35546875
4163.41015625
4165.54296875
4167.66015625
4169.74609375
4171.78125
4173.75390625
4175.796875
4177.6640625
4179.734375
4181.734375
4183.8828125
4185.984375
4188.17578125
4190.3203125
4192.4375
4194.5625
4196.63671875
4198.85546875
4450.46875
4245.93359375
4201.125
4203.2890625
4205.4296875
4207.58203125
4209.99609375
4379.06640625
4211.91796875
4213.77734375
4215.8671875
4217.9765625
4220.11328125
4222.1953125
4224.31640625
4226.43359375
4228.56640625
4230.66015625
4232.82421875
4234.90625
4237.07421875
4239.16015625
4241.2890625
4243.38671875
4245.59765625
4247.67578125
4249.62890625
4251.7421875
4253.890625
4255.984375
4258.07421875
4260.18359375
4262.2109375
4264.36328125
4266.44921875
4268.62109375
4270.7421875
4272.81640625
4274.96484375
4497.859375
4277.08203125
4279.125
4281.2265625
4283.36328125
4285.4296875
4287.52734375
4289.56640625
4291.7109375
4293.859375
4295.953125
4298.12109375
4300.23828125
4302.35546875
4304.4921875
4306.5078125
4308.6796875
4310.76171875
4312.88671875
4314.9765625
4317.19921875
4319.2578125
4321.40234375
4323.48046875
4325.62109375
4400.89453125
4719.38671875
4327.3828125
4329.3828125
4331.56640625
4333.66796875
4335.73828125
4337.83984375
4339.80859375
4341.78515625
4372.12109375
4357.796875
4345.7421875
4347.8046875
4349.90234375
4351.9921875
4353.9609375
4356.0234375
4358.09375
4360.0859375
4361.94140625
4364.03515625
4366.1015625
4368.09375
4370.046875
4372.03125
4374.15234375
4376.265625
4378.3046875
4380.37890625
4382.5859375
4384.69921875
4386.62890625
4388.62890625
4390.828125
4392.87109375
4395.09765625
4397.1640625
4399.1875
4401.30859375
4403.34375
4405.4296875
4407.53515625
4409.6484375
4411.51953125
4413.37109375
4415.4609375
4628.53515625
4417.18359375
4419.27734375
4421.30078125
4423.359375
4425.26171875
4427.078125
4428.953125
4430.82421875
4432.65625
4434.7421875
4436.7578125
4438.6484375
4440.6171875
4442.59375
4444.47265625
4446.29296875
4448.08984375
4449.97265625
4451.94921875
4453.859375
4455.6484375
4457.65234375
4459.70703125
4461.7265625
4463.73046875
4465.5078125
4467.28125
4558.53515625
4846.3828125
4713.2421875
4469.79296875
4471.60546875
4473.38671875
4475.22265625
4477.0234375
4478.8046875
4480.48046875
4482.2734375
4484.17578125
4486.17578125
4488.203125
4490.09765625
4580.66796875
4491.578125
4493.5234375
4495.5625
4497.703125
4499.66796875
4501.70703125
4503.79296875
4505.76953125
4507.796875
4509.859375
4511.89453125
4513.9453125
4516.0390625
4518.05859375
4520.12890625
4522.23046875
4524.375
4526.3515625
4528.29296875
4530.3984375
4532.42578125
4534.359375
4536.37109375
4538.421875
4540.51953125
4542.54296875
4544.5625
4546.62890625
4548.54296875
4550.5703125
4552.60546875
4554.60546875
4556.62109375
4558.71875
4560.75
4562.78125
4564.86328125
4566.8359375
4568.87109375
4570.93359375
4804.0703125
4572.38671875
4574.34375
4576.29296875
4578.453125
4580.4296875
4582.4921875
4584.51171875
4586.44140625
4588.48828125
4590.5546875
4592.53515625
4594.515625
4596.3203125
4598.31640625
4600.4140625
4602.46875
4604.42578125
4606.421875
4608.4296875
4610.4453125
4612.47265625
4614.52734375
4616.45703125
4618.46875
4620.50390625
4622.57421875
4624.546875
4809.19921875
5118.4375
4726.0234375
4627.01171875
4629.01953125
4631.08984375
4633.1796875
4635.16015625
4637.2421875
4639.15234375
4641.2109375
4643.18359375
4645.16796875
4647.16015625
4649.22265625
4651.31640625
4653.33984375
4655.2890625
4932.90625
4656.5078125
4658.4921875
4660.55859375
4662.53515625
4664.48046875
4666.5390625
4668.58203125
4670.59765625
4672.609375
4674.6328125
4676.6484375
4678.625
4680.6484375
4682.55859375
4684.66796875
4686.59375
4688.609375
4690.53515625
4692.5859375
4694.67578125
4696.671875
4698.6875
4700.69921875
4702.62109375
4704.70703125
4706.640625
4708.6953125
4710.66796875
4712.71875
4714.68359375
4716.64453125
4718.6640625
4721.98828125
4722.66796875
4724.5234375
4726.5625
4728.5390625
4730.53515625
4732.67578125
4734.625
4736.57421875
4738.54296875
4740.48828125
4742.5390625
4751.05859375
5062.6328125
4745.5546875
4747.66015625
4749.71484375
4751.78515625
4753.8359375
4755.8125
4757.8828125
4759.8203125
4761.69921875
4763.6015625
4765.48828125
4767.40234375
4769.24609375
4771.26171875
4773.1640625
4775.109375
4777.08984375
4779.0
4780.8359375
4782.75
4784.2265625
4786.2734375
4788.25
4790.23828125
4792.18359375
4794.26953125
4796.17578125
4798.19921875
4953.3203125
5258.0078125
5428.24609375
4799.7890625
4801.6875
4803.69921875
4805.78125
4807.72265625
4809.76171875
4811.6796875
4813.49609375
4815.6171875
4817.6953125
4819.50390625
4821.46875
4823.42578125
4825.4296875
4827.44140625
4829.46484375
4831.375
4833.34765625
4835.3671875
4837.38671875
5037.6484375
4838.3515625
4840.44140625
4842.52734375
4844.40234375
4846.3515625
4848.26953125
4850.19140625
4852.20703125
4854.19921875
4856.31640625
4858.34765625
4860.3203125
4862.3359375
4864.24609375
4866.36328125
4868.21875
4870.3125
4872.3046875
4874.26953125
4876.234375
4878.2578125
4880.3125
4882.2734375
4884.14453125
4886.15625
4888.1015625
4890.09765625
4892.12890625
4894.06640625
4896.0859375
4898.0078125
4899.98828125
4901.98828125
4903.94921875
4905.87890625
4907.8515625
4909.76953125
4911.71484375
4913.88671875
4915.78515625
4917.72265625
4919.71875
4921.72265625
4923.7421875
4925.79296875
4927.53125
4929.51953125
4931.5546875
4933.6015625
4935.55078125
5016.84375
5315.71875
4938.30859375
4940.30859375
4942.26171875
4944.2109375
4946.1484375
4948.15234375
4950.15234375
4952.1171875
4954.15234375
4956.1171875
4958.0
4959.96484375
4961.984375
4963.84765625
4965.78125
4967.58984375
4969.38671875
4971.5234375
4973.3984375
4975.36328125
4977.375
4979.38671875
4981.39453125
4983.34765625
4985.2734375
4987.140625
4989.1015625
4991.03125
5213.265625
5532.25
5629.0
4992.296875
4994.2734375
4996.09765625
4998.0078125
4999.9765625
5002.0859375
5003.94921875
5005.94921875
5007.8984375
5010.0546875
5011.94921875
5013.8359375
5015.87109375
5017.859375
5019.92578125
5021.8671875
5023.890625
5025.91015625
5027.875
5029.8203125
5031.84765625
5033.77734375
5035.72265625
5037.625
5039.5703125
5113.9609375
5428.20703125
5042.05859375
5044.0
5045.93359375
5047.91015625
5049.77734375
5051.62890625
5053.5078125
5055.2890625
5057.08203125
5058.89453125
5060.890625
5062.83203125
5064.765625
5066.6953125
5068.57421875
5070.4765625
5072.1953125
5073.9609375
5075.70703125
5077.65234375
5079.59765625
5081.515625
5083.49609375
5085.3828125
5087.3203125
5089.23828125
5091.109375
5093.109375
5095.05078125
5097.0078125
5098.9296875
5100.84765625
5102.83984375
5104.7109375
5106.671875
5108.53515625
5110.43359375
5112.421875
5114.36328125
5116.30078125
5118.2109375
5120.1328125
5122.01171875
5123.9609375
5125.8984375
5127.83984375
5129.86328125
5131.65234375
5133.62890625
5135.58984375
5137.51171875
5139.25
5141.11328125
5143.0390625
5145.0
5146.89453125
5148.8515625
5150.51953125
5432.7421875
5150.77734375
5152.69921875
5154.6875
5156.63671875
5158.61328125
5160.484375
5162.4765625
5164.3828125
5166.2265625
5168.16015625
5170.14453125
5172.00390625
5173.8984375
5175.92578125
5177.796875
5179.65234375
5181.640625
5183.57421875
5185.4140625
5187.41015625
5189.421875
5191.39453125
5193.3046875
5195.21484375
5197.2421875
5199.17578125
5201.1015625
5202.98046875
5232.015625
5545.84375
5857.48046875
5958.66015625
5205.1796875
5207.0703125
5208.96875
5210.90625
5212.765625
5214.765625
5216.6875
5218.6328125
5220.51171875
5222.48828125
5224.3515625
5226.2578125
5228.140625
5229.98828125
5231.84375
5233.87890625
5235.71875
5237.58984375
5239.52734375
5241.43359375
5243.3125
5245.21484375
5247.16796875
5249.0390625
5250.90625
5252.859375
5254.74609375
5256.6953125
5258.58203125
5260.48046875
5262.3984375
5264.34765625
5285.0234375
5589.9375
5266.28125
5268.16015625
5270.08203125
5271.94921875
5273.84765625
5275.84765625
5277.6953125
5279.640625
5281.4921875
5283.39453125
5285.20703125
5287.1875
5289.01953125
5290.984375
5292.8828125
5294.8046875
5296.7578125
5298.6328125
5300.51171875
5302.30859375
5304.2265625
5306.109375
5307.984375
5309.87109375
5311.796875
5313.7421875
5315.59375
5317.578125
5319.46484375
5321.2578125
5323.10546875
5325.1171875
5326.7265625
5328.58984375
5330.47265625
5332.43359375
5334.30859375
5336.19140625
5338.11328125
5339.94921875
5341.69921875
5343.50390625
5345.25390625
5346.94140625
5348.8203125
5350.70703125
5352.5546875
5354.34765625
5356.20703125
5358.0703125
5359.87109375
5361.71875
5363.37890625
5365.27734375
5367.21875
5369.08203125
5370.9609375
5372.90234375
5374.82421875
5376.671875
5378.59765625
5380.52734375
5382.46484375
5384.33984375
5386.26171875
5444.17578125
5745.0625
5387.76171875
5389.59375
5391.43359375
5393.2890625
5395.171875
5397.046875
5398.98046875
5400.82421875
5402.6953125
5404.55078125
5406.5703125
5408.359375
5410.15234375
5412.0390625
5413.9609375
5415.75
5417.7109375
5419.5859375
5421.50390625
5423.390625
5425.31640625
5427.13671875
5428.96484375
5430.86328125
5432.75390625
5434.640625
5436.52734375
5438.44140625
5440.3203125
5714.27734375
6021.8515625
6331.296875
5880.58984375
5441.421875
5443.34375
5445.2421875
5447.1171875
5449.05078125
5450.87890625
5452.74609375
5454.609375
5456.5
5458.30078125
5460.12890625
5462.0078125
5463.9453125
5465.80859375
5467.6875
5469.64453125
5471.421875
5473.2421875
5474.80859375
5685.484375
5784.890625
5784.890625
5784.890625
5784.890625
5784.890625
5784.890625
5784.890625
5784.890625
5784.890625
5784.890625
5784.890625
5784.890625
5784.890625
5784.890625
5784.890625
5784.890625
5784.890625
5784.890625
5784.890625
5784.890625
5784.890625
5784.890625
5784.890625
5784.890625
5784.890625
5784.890625
5784.890625
5784.890625
5784.890625
5784.890625
5784.890625
5784.890625
5784.890625
5784.890625
5784.890625
5784.890625
5784.890625
5784.890625
5784.890625
5784.890625
5784.890625
5784.890625
5784.890625
5784.890625
5784.890625
5784.890625
5784.890625
5784.890625
5784.890625
5784.890625
5784.890625
5784.890625
5784.890625
5784.890625
5784.890625
5784.890625
5784.890625
5784.890625
5784.890625
5784.890625
5784.890625
5784.890625
5784.890625
5784.890625
5784.890625
5784.890625
5784.890625
5784.890625
5784.890625
5784.890625
5784.890625
5784.890625
5784.890625
5784.890625
5784.890625
5784.890625
5784.890625
5784.890625
5784.890625
5784.890625
5784.890625
5784.890625
5784.890625
5784.890625
5784.890625
5784.890625
5784.890625
5784.890625
5784.890625
5784.890625
5784.890625
5784.890625
5784.890625
5784.890625
5784.890625
5784.890625
5784.890625
5784.890625
5784.890625
5784.890625
5784.890625
5784.890625
5784.890625
5798.265625
5810.12890625
5821.02734375
5831.87109375
5842.37109375
5852.640625
5862.375
5872.5
5881.3984375
5891.6015625
5902.04296875
5912.37109375
5922.34765625
5932.3515625
5942.21484375
5952.0625
5961.8046875
5971.7578125
5981.30859375
5990.94140625
6000.79296875
6010.640625
6019.734375
6029.13671875
6038.62109375
6048.0390625
6056.90625
6066.2578125
6075.76171875
6085.1171875
6094.52734375
6104.0
6113.31640625
6122.47265625
6131.7421875
6141.1484375
6150.11328125
6159.34765625
6168.70703125
6177.953125
6187.2734375
6196.48046875
6205.734375
6214.796875
6224.015625
6233.1484375
6241.96484375
6251.171875
6260.42578125
6269.51171875
6278.78515625
6287.9765625
6297.37890625
6304.45703125
6304.45703125
6304.45703125
6304.45703125
6304.45703125
6304.45703125
6304.45703125
6304.45703125
6304.45703125
6304.45703125
6304.45703125
6180.98046875
5310.08984375
5569.14453125
5855.640625
6147.57421875
6304.45703125
6304.45703125
6304.45703125
6304.45703125
6304.45703125
6304.45703125
6304.45703125
6304.45703125
6304.45703125
6304.45703125
6304.45703125
6304.45703125
6304.45703125
6304.45703125
6304.45703125
6304.45703125
6304.45703125
6304.45703125
6304.45703125
6304.45703125
6304.45703125
6304.45703125
6304.45703125
6304.45703125
6304.45703125
6304.45703125
6304.45703125
6304.45703125
6304.45703125
6304.45703125
6304.45703125
6304.45703125
6304.45703125
6304.45703125
6304.45703125
6304.45703125
6304.45703125
6304.45703125
6304.45703125
6304.45703125
6304.45703125
6304.45703125
6304.45703125
6304.45703125
6304.45703125
6304.45703125
6304.45703125
6304.45703125
6304.45703125
6304.45703125
6304.45703125
6304.45703125
6304.45703125
6162.79296875
5784.8984375
5784.8984375
5532.3046875
5632.36328125
5733.65234375
5833.578125
5933.90625
6032.7265625
6130.01171875
6170.09375
6170.09375
6170.09375
6171.31640625
6171.31640625
6171.31640625
6171.31640625
6171.31640625
6172.53515625
6172.53515625
6172.53515625
6172.53515625
6172.53515625
6172.53515625
6172.53515625
6172.53515625
6172.53515625
6172.53515625
6172.53515625
6172.53515625
6174.97265625
6174.97265625
6174.97265625
6174.97265625
6174.97265625
6174.97265625
6174.97265625
6174.97265625
6174.97265625
6174.97265625
6174.97265625
6174.97265625
6174.97265625
6174.97265625
6174.97265625
6174.97265625
6174.97265625
6174.97265625
6174.97265625
6174.97265625
6174.97265625
6174.97265625
6174.97265625
6174.97265625
6179.84765625
6179.84765625
6179.84765625
6179.84765625
6179.84765625
6179.84765625
6179.84765625
6179.84765625
6179.84765625
6179.84765625
6179.84765625
6179.84765625
6179.84765625
6179.84765625
6179.84765625
6179.84765625
6179.84765625
6179.84765625
6179.84765625
6179.84765625
6179.84765625
6179.84765625
6179.84765625
6179.84765625
6179.84765625
6179.84765625
6179.84765625
6179.84765625
6179.84765625
6179.84765625
6179.84765625
6179.84765625
6179.84765625
6179.84765625
6179.84765625
6179.84765625
6179.84765625
6179.84765625
6179.84765625
6179.84765625
6179.84765625
6179.84765625
6179.84765625
6179.84765625
6179.84765625
6179.84765625
6179.84765625
6179.84765625
6179.84765625
6179.84765625
6179.84765625
6179.84765625
6179.84765625
6179.84765625
6189.59375
6189.59375
6189.59375
6189.59375
6189.59375
6189.59375
6189.59375
6189.59375
6189.59375
6189.59375
6189.59375
6189.59375
6189.59375
6189.59375
6189.59375
6189.59375
6189.59375
6189.59375
6189.59375
6189.59375
6189.59375
6189.59375
6189.59375
6189.59375
6189.59375
6189.59375
6189.59375
6189.59375
6189.59375
6189.59375
6189.59375
6189.59375
6189.59375
6189.59375
6189.59375
6189.59375
6189.59375
6189.59375
6189.59375
6189.59375
6189.59375
6189.59375
6189.59375
6189.59375
6189.59375
6189.59375
6189.59375
6189.59375
6189.59375
6189.59375
6189.59375
6189.59375
6189.59375
6189.59375
6189.59375
6189.59375
6189.59375
6189.59375
6189.59375
6189.59375
6189.59375
6189.59375
6189.59375
6189.59375
6189.59375
6189.59375
6189.59375
6189.59375
6189.59375
6189.59375
6189.59375
6189.59375
6189.59375
6189.59375
6189.59375
6189.59375
6189.59375
6189.59375
6189.59375
6189.59375
6189.59375
6189.59375
6189.59375
6189.59375
6189.59375
6189.59375
6189.59375
6189.59375
6189.59375
6189.59375
6189.59375
6189.59375
6189.59375
6189.59375
6189.59375
6189.59375
6189.59375
6189.59375
6189.59375
6189.59375
6189.59375
6189.59375
6189.59375
6189.59375
6189.59375
6189.59375
6189.59375
6189.59375
6189.59375
6189.59375
6189.59375
6189.59375
6189.59375
6189.59375
6189.59375
6189.59375
6189.59375
6189.59375
6189.59375
6189.59375
6208.36328125
6208.36328125
6208.36328125
6208.36328125
6208.36328125
6208.36328125
6208.36328125
6208.36328125
6208.36328125
6208.36328125
6208.36328125
6208.36328125
6208.36328125
6208.36328125
6208.36328125
6208.36328125
6208.36328125
6208.36328125
6208.36328125
6208.36328125
6208.36328125
6208.36328125
6208.36328125
6208.36328125
6208.36328125
6208.36328125
6208.36328125
6208.36328125
6208.36328125
6208.36328125
6211.54296875
6216.04296875
6220.58984375
6225.16796875
6229.73046875
6234.31640625
6238.91796875
6243.41796875
6248.04296875
6252.32421875
6256.578125
6261.04296875
6265.41796875
6269.41796875
6273.58203125
6277.8515625
6282.04296875
6286.16796875
6290.48046875
6295.04296875
6299.48046875
6303.98046875
6308.54296875
6312.91796875
6317.29296875
6321.91796875
6326.66796875
6330.55859375
6335.17578125
6339.8046875
6344.328125
6348.98046875
6353.54296875
6358.078125
6362.66796875
6367.20703125
6371.91796875
6376.29296875
6380.98046875
6385.66796875
6390.29296875
6394.91796875
6399.41796875
6404.04296875
6408.66796875
6413.1015625
6417.79296875
6422.41796875
6426.98046875
6431.5859375
6436.23046875
6440.79296875
6445.41796875
6449.54296875
6453.83984375
6458.54296875
6462.98046875
6467.3515625
6471.8046875
6476.41796875
6481.0703125
6485.66796875
6490.23046875
6494.73046875
6499.30859375
6503.8359375
6508.41796875
6513.04296875
6517.73046875
6522.54296875
6807.60546875
7077.90234375
7333.08203125
7576.28515625
7660.3203125
7728.7265625
7796.22265625
7862.828125
7927.85546875
7994.33203125
8056.6328125
7330.42578125
6522.66796875
6522.66796875
6522.66796875
6522.66796875
6522.66796875
6522.66796875
6522.66796875
6522.66796875
6522.66796875
6522.66796875
6522.66796875
6522.66796875
6522.66796875
6522.66796875
6522.66796875
6522.66796875
6522.66796875
6522.66796875
6522.66796875
6522.66796875
6522.66796875
6522.66796875
6522.66796875
6487.91796875
6014.359375
6307.87890625
6595.69140625
6890.9921875
7048.39453125
7125.6640625
7125.6640625
7125.6640625
7125.6640625
7125.6640625
7125.6640625
7125.6640625
7125.6640625
7125.6640625
7125.6640625
7125.6640625
7125.6640625
6685.37890625
6173.72265625
6173.72265625
6173.72265625
6173.72265625
6173.72265625
6173.72265625
6173.72265625
6173.72265625
6173.72265625
6173.72265625
6173.72265625
6241.0703125
6240.9609375
6217.11328125
6222.94921875
6228.5390625
6234.296875
6240.19921875
6246.05859375
6252.12890625
6257.7734375
6263.51171875
6269.3203125
6275.28515625
6295.5078125
6344.1171875
6374.75390625
6380.68359375
6386.18359375
6389.49609375
6396.49609375
6399.49609375
6409.99609375
6412.68359375
6415.12109375
6417.43359375
6419.62109375
6437.2578125
6439.26953125
6441.24609375
6442.93359375
6444.60546875
6446.18359375
6447.68359375
6480.62109375
6481.99609375
6483.2890625
6484.52734375
6485.74609375
6486.796875
6487.87109375
6488.8046875
6489.74609375
6490.55078125
6491.3203125
6492.04296875
6556.24609375
6556.87109375
6557.49609375
6558.08203125
6558.62109375
6559.18359375
6559.59375
6560.0234375
6560.43359375
6560.77734375
6561.12109375
6561.43359375
6561.68359375
6561.93359375
6562.18359375
6562.37109375
6562.51171875
6562.68359375
6562.8125
6562.99609375
6563.04296875
6739.9609375
6691.12109375
6691.18359375
6691.24609375
6691.296875
6691.37109375
6691.43359375
6691.43359375
6691.43359375
6691.49609375
6691.49609375
6691.49609375
6691.49609375
6691.49609375
6691.49609375
6663.99609375
6608.24609375
6608.24609375
6608.24609375
6608.24609375
6608.24609375
6608.24609375
6608.24609375
6608.24609375
6197.99609375
6039.8359375
6245.375
6548.48046875
6847.15625
7138.47265625
7285.15234375
7285.20703125
7285.265625
7285.31640625
7285.37109375
7285.421875
7285.47265625
7285.5234375
7285.57421875
7285.62890625
7285.6796875
7285.73046875
7285.7890625
7285.83984375
7285.89453125
7285.94921875
7286.0
7286.05859375
7286.1171875
7286.171875
7286.23046875
7286.28515625
7286.34375
7286.40234375
7286.4609375
7286.5234375
7286.58203125
7286.640625
7286.703125
7286.7578125
7286.8203125
7286.875
7286.9296875
7286.98046875
7287.0390625
7287.09375
7287.15234375
7287.2109375
7287.26953125
7287.32421875
7287.3828125
7287.4375
7287.49609375
7287.5546875
7287.609375
7287.66796875
7287.7265625
7287.7890625
7287.8515625
7287.91015625
7287.96875
7288.02734375
7288.0859375
7288.13671875
7288.1953125
7288.25
7288.30859375
7288.36328125
7288.421875
7288.4765625
7288.53515625
7288.59375
7288.6484375
7288.703125
7288.7578125
7288.81640625
7288.875
7288.93359375
7288.98828125
7289.046875
7289.10546875
7289.16015625
7289.21484375
7289.27734375
7289.3359375
7289.39453125
7289.44921875
7289.5078125
7289.56640625
7289.625
7289.6796875
7289.73828125
7289.796875
7289.85546875
7289.9140625
7289.9765625
7290.03515625
7290.09765625
7290.15625
7290.21484375
7290.26953125
7290.33203125
7290.390625
7290.4453125
7290.5078125
7290.5546875
7290.61328125
7290.671875
7290.73046875
7290.7890625
7290.84375
7290.90234375
7290.95703125
7291.015625
7291.07421875
7291.125
7291.18359375
7291.2421875
7291.30078125
7291.359375
7291.4140625
7291.46875
7291.5234375
7291.58203125
7291.63671875
7291.6953125
7291.75390625
7291.8125
7291.87109375
7291.9296875
7291.984375
7292.04296875
7292.09765625
7292.15625
7292.2109375
7292.26953125
7292.32421875
7292.37890625
7292.4375
7292.49609375
7292.55078125
7292.60546875
7292.66015625
7292.71484375
7292.7734375
7292.828125
7292.88671875
7292.94140625
7293.0
7293.0546875
7293.11328125
7293.16796875
7293.22265625
7293.28125
7293.33984375
7293.39453125
7293.453125
7293.51171875
7293.5703125
7293.62890625
7293.6875
7293.74609375
7293.8046875
7293.86328125
7293.921875
7293.98046875
7294.03515625
7294.09375
7294.15234375
7294.20703125
7294.265625
7294.3203125
7294.375
7294.4296875
7294.48046875
7294.53125
7294.58203125
7294.640625
7294.6953125
7294.75
7294.8046875
7294.86328125
7294.9140625
7294.9609375
7295.01171875
6985.578125
6153.94140625
6160.6171875
6167.9921875
6175.265625
6182.3359375
6189.51953125
6196.3828125
6203.4765625
6210.71875
6217.9609375
6225.12109375
6232.359375
6239.6875
6247.0078125
6254.15625
6261.24609375
6268.52734375
6275.62890625
6282.6328125
6289.1171875
6296.44140625
6303.7734375
6311.14453125
6318.5859375
6325.58203125
6332.78125
6340.03125
6347.3828125
6354.64453125
6361.76953125
6369.26953125
6376.65234375
6384.046875
6391.46875
6398.8046875
6406.08203125
6413.25
6420.50390625
6427.98046875
6435.4453125
6442.8671875
6450.21484375
6457.57421875
6464.89453125
6472.3125
6479.56640625
6486.75390625
6494.12109375
6501.5859375
6509.04296875
6516.33984375
6523.5625
6531.0234375
6538.38671875
6545.74609375
6552.9296875
6559.86328125
6567.1640625
6574.59375
6581.8984375
6589.30078125
6596.87109375
6604.43359375
6611.828125
6619.08984375
6626.54296875
6633.7734375
6641.20703125
6648.66015625
6656.171875
6663.7265625
6671.27734375
6678.52734375
6685.984375
6693.46875
6700.83203125
6707.7578125
6714.9765625
6722.30859375
6729.4921875
6736.83203125
6744.07421875
6751.5390625
6758.9453125
6766.234375
6773.46484375
6780.4453125
6787.45703125
6794.8046875
6802.0078125
6809.48828125
6816.796875
6824.2109375
6831.484375
6838.87890625
6846.1328125
6853.0
6860.1484375
6867.49609375
6874.8203125
6882.140625
6889.375
6896.734375
6903.6484375
6910.640625
6917.546875
6924.421875
6931.44140625
6938.76953125
6946.01953125
6953.18359375
6960.2734375
6967.45703125
6974.7109375
6981.85546875
6989.04296875
6995.94140625
7003.09375
7009.36328125
7016.27734375
7023.57421875
7030.95703125
7038.1796875
7045.4453125
7052.765625
7060.0234375
7067.23046875
7074.515625
7081.52734375
7088.8359375
7096.125
7103.4140625
7110.8203125
7118.20703125
7125.51953125
7132.69921875
7139.4609375
7146.671875
7154.0078125
7161.390625
7168.734375
7175.96484375
7183.2890625
7190.5546875
7197.85546875
7205.265625
7211.96875
7218.57421875
7225.1953125
7231.7890625
7238.30078125
7245.0625
7251.9140625
7258.609375
7265.55859375
7272.4140625
7278.84375
7285.3984375
7292.0625
7298.8046875
7305.890625
7313.1953125
7320.5859375
7327.90234375
7335.3046875
7342.57421875
7349.84765625
7357.171875
7364.5234375
7371.89453125
7379.23046875
7386.5390625
7393.984375
7401.765625
7409.26171875
7416.671875
7424.0078125
7431.50390625
7439.02734375
7446.56640625
7453.90234375
7460.8984375
7468.16015625
7475.48828125
7482.73828125
7489.64453125
7496.95703125
7504.2578125
7511.3203125
7518.65234375
7525.94921875
7533.125
7540.3359375
7547.58984375
7554.90625
7562.1015625
7569.015625
7576.30078125
7583.5546875
7590.70703125
7597.984375
7605.26953125
7537.0859375
6345.05078125
5685.671875
5687.1484375
5688.734375
5690.69140625
5691.890625
5693.0625
5694.26953125
5695.44921875
5696.63671875
5697.85546875
5699.015625
5700.2578125
5701.390625
5702.58984375
5703.6640625
5704.859375
5706.03515625
5707.2890625
5708.49609375
5709.75
5717.984375
5712.11328125
5713.33203125
5714.515625
5715.6875
5716.9296875
5721.0859375
5719.34765625
5720.58984375
5721.72265625
5722.9453125
5724.21875
5725.296875
5727.80859375
5727.78125
5740.94140625
5730.1171875
5731.41796875
5732.63671875
5733.921875
5735.12890625
5736.19921875
5737.40625
5738.71484375
5740.01953125
5741.2109375
5742.28125
5743.578125
5744.75390625
5746.0625
5747.3515625
5748.26953125
5749.58203125
5750.87890625
5752.02734375
5753.33203125
5754.62109375
5755.765625
5756.8203125
5758.078125
5759.3515625
5760.48828125
5761.76953125
5763.0546875
5764.19140625
5765.16796875
5766.48046875
5767.76171875
5768.921875
5770.2421875
5771.52734375
5772.79296875
5773.8984375
5774.87890625
5776.16796875
5777.4609375
5778.72265625
5779.83984375
5781.13671875
5782.40625
5783.66796875
5794.8828125
5785.63671875
5786.9375
5788.21484375
5789.515625
5790.8046875
5791.875
5793.16015625
5794.44140625
5795.71875
5796.98046875
5797.62890625
5798.9296875
5800.20703125
5801.5078125
5802.80859375
5804.09765625
5805.1640625
5806.47265625
5807.7421875
5809.015625
5810.1640625
5810.89453125
5811.88671875
5813.09375
5814.30078125
5815.5546875
5816.75390625
5817.95703125
5819.19921875
5820.15234375
5821.34765625
5822.5625
5823.52734375
5824.83984375
5826.11328125
5826.875
5827.90625
5829.24609375
5830.55859375
5831.85546875
5833.171875
5834.5078125
5835.78125
5836.8046875
5838.10546875
5839.4296875
5840.75390625
5842.078125
5843.36328125
5844.046875
5845.3125
5846.33203125
5847.62890625
5848.91796875
5850.2109375
5851.51171875
5852.77734375
5854.05078125
5855.34375
5856.26953125
5857.5703125
5858.859375
5860.16015625
5861.4453125
5862.73828125
5863.390625
5864.71484375
5866.04296875
5866.98828125
5868.24609375
5869.53125
5870.82421875
5872.1328125
5873.40234375
5874.69140625
5875.9765625
5877.234375
5878.109375
5879.40234375
5880.69140625
5881.96875
5883.25390625
5884.55859375
5962.38671875
5886.375
5887.6640625
5888.9609375
5889.828125
5891.12109375
5892.375
5893.6640625
5894.9609375
5896.25
5897.5390625
5898.81640625
5900.1328125
5901.453125
5902.3125
5903.5859375
5904.83984375
5906.13671875
5907.41796875
5908.71875
5923.37109375
5910.46875
5911.75390625
5913.0234375
5914.33203125
5929.20703125
5916.45703125
5917.71875
5918.98828125
5920.296875
5921.61328125
5922.93359375
5924.2109375
5925.5390625
5926.8515625
5928.15234375
5929.40625
5930.2578125
5931.55859375
5932.8515625
5934.1171875
5935.4140625
5936.73046875
5994.98046875
5938.359375
5939.6484375
5940.921875
5942.21484375
5943.36328125
5944.60546875
5945.421875
5946.6796875
5947.96484375
5949.24609375
5950.54296875
5951.8125
5953.078125
5954.37890625
5955.66796875
5956.953125
5958.24609375
5959.51953125
5960.80078125
5961.55859375
5962.8515625
5964.11328125
5965.37109375
5966.69140625
5968.96875
6007.95703125
5970.4921875
5971.7890625
5973.08203125
5974.36328125
5975.65625
5976.953125
5978.25390625
6050.3359375
5980.30078125
5981.62109375
5982.91015625
5984.1953125
5985.46484375
5986.75390625
5988.06640625
5989.33203125
5990.6171875
5991.90625
5993.2265625
5994.55078125
5995.859375
5997.140625
5997.82421875
5999.11328125
6000.4140625
6001.70703125
6002.8671875
6004.0546875
6005.25390625
6109.9453125
6006.609375
6007.86328125
6009.14453125
6010.39453125
6011.625
6012.875
6014.05078125
6015.27734375
6016.4609375
6017.0625
6018.37890625
6019.6953125
6017.41796875
6017.41796875
6017.41796875
6017.41796875
6017.41796875
6017.41796875
6017.41796875
6017.41796875
6017.41796875
6017.41796875
6017.41796875
6017.41796875
6017.41796875
6017.41796875
6017.41796875
6017.41796875
6017.41796875
6017.41796875
6017.41796875
6017.41796875
6017.41796875
6017.41796875
6029.8359375
6048.19140625
6067.01171875
6086.26171875
6105.69921875
6124.87890625
6127.86328125
6081.953125
6127.86328125
6127.86328125
6127.86328125
6127.86328125
6127.86328125
6127.86328125
6127.86328125
6127.86328125
6127.86328125
6127.86328125
6127.86328125
6127.86328125
6020.76171875
6027.33984375
6027.33984375
6122.44140625
6134.96484375
6137.609375
6412.48046875
6687.31640625
6963.13671875
7141.94140625
7141.94140625
7141.94140625
7141.94140625
7141.94140625
7141.94140625
7141.94140625
7141.94140625
7141.94140625
7141.94140625
7141.94140625
7141.94140625
7141.94140625
7141.94140625
7141.94140625
7141.94140625
7141.94140625
7141.94140625
7141.94140625
7141.94140625
7141.94140625
7141.94140625
7141.94140625
7141.94140625
7141.94140625
6175.51953125
6176.78515625
6302.58984375
6371.671875
6298.8203125
6546.3046875
6548.25390625
6550.171875
6552.1171875
6554.08203125
6556.109375
6290.10546875
6192.42578125
6192.42578125
6192.42578125
6192.42578125
6192.42578125
5910.171875
5781.671875
5484.921875
5085.671875
3978.234375
2928.16796875
2759.48046875
