2749.6953125
2750.41015625
2793.6171875
2813.3515625
2812.36328125
2807.76171875
2783.29296875
2788.03125
2792.7109375
2794.0234375
2800.2265625
2801.546875
2802.91796875
2804.27734375
2815.3984375
2816.76171875
2818.109375
2819.49609375
2820.8203125
2822.12890625
2823.453125
2824.734375
2826.05859375
2827.33203125
2828.71484375
2830.01953125
2831.34375
2852.1953125
2853.390625
2854.796875
2855.9375
2857.19921875
2858.48828125
2870.45703125
2860.8671875
2862.171875
2863.58984375
2864.6875
2866.08203125
2867.3984375
2878.9453125
2869.859375
2871.21875
2872.42578125
2873.97265625
2875.05078125
2876.453125
2877.74609375
2879.140625
2880.5078125
2881.53125
2882.91796875
2884.30859375
2885.5625
2886.9453125
2915.65625
2889.3125
2890.68359375
2892.0390625
2893.26953125
2894.62890625
2896.00390625
2896.91796875
2977.43359375
2938.69921875
2940.11328125
2941.359375
2942.77734375
2944.18359375
2945.234375
2946.46484375
2947.89453125
2949.29296875
2950.69921875
2951.9609375
2953.3828125
2954.78515625
2955.796875
2956.9921875
2958.3984375
2959.74609375
2961.18359375
2964.859375
2963.5546875
2964.96875
2966.36328125
2968.0390625
2970.47265625
2973.41796875
2976.3125
2979.2421875
2982.33203125
2984.58203125
2987.453125
2990.28515625
3024.1796875
2995.04296875
3035.21484375
3000.34375
3003.20703125
3006.01171875
3008.87890625
3011.6875
3014.078125
3016.8984375
3019.8125
3057.4765625
3024.359375
3027.12890625
3029.40625
3032.16015625
3035.03125
3037.8203125
3040.671875
3043.46484375
3045.69140625
3048.45703125
3051.21875
3053.98828125
3055.5546875
3058.2890625
3061.078125
3063.203125
3066.0546875
3068.7109375
3071.46484375
3074.2421875
3076.87890625
3079.51171875
3081.515625
3084.28515625
3086.953125
3089.63671875
3090.953125
3093.6328125
3096.37890625
3098.9765625
3101.01171875
3103.5703125
3106.19140625
3108.65234375
3111.54296875
3114.0625
3116.73828125
3119.28515625
3121.20703125
3123.92578125
3126.4921875
3129.09375
3130.1640625
3132.71875
3135.26171875
3137.94921875
3140.36328125
3142.22265625
3144.76171875
3147.25390625
3149.79296875
3152.37890625
3154.8984375
3157.4140625
3160.0546875
3162.58984375
3323.5625
3243.6640625
3245.38671875
3247.98046875
3250.52734375
3313.16796875
3254.02734375
3256.609375
3259.10546875
3261.72265625
3264.3203125
3266.91015625
3268.5859375
3271.2578125
3273.76171875
3276.28125
3278.765625
3281.28515625
3283.83984375
3285.96875
3288.484375
3290.99609375
3292.68359375
3295.3515625
3297.77734375
3344.91015625
3301.08203125
3303.37109375
3305.68359375
3307.9296875
3310.33203125
3312.59765625
3315.0078125
3324.984375
3318.7734375
3321.05859375
3323.50390625
3325.984375
3328.42578125
3330.59375
3333.125
3335.60546875
3338.09765625
3340.6015625
3343.0234375
3356.58984375
3347.01171875
3349.484375
3351.9765625
3352.5625
3355.01171875
3357.48828125
3359.8515625
3362.2734375
3364.75
3367.1328125
3369.5546875
3372.0703125
3373.47265625
3375.875
3378.390625
3380.83984375
3383.2734375
3385.734375
3388.1796875
3390.53515625
3392.90234375
3395.328125
3397.76171875
3400.21484375
3402.640625
3403.984375
3406.4296875
3408.9140625
3587.51953125
3411.5390625
3413.8125
3416.203125
3418.59765625
3421.0546875
3423.47265625
3426.83203125
3429.25
3431.76171875
3434.11328125
3538.50390625
3437.80078125
3440.1640625
3442.34765625
3444.76953125
3447.1640625
3449.52734375
3451.875
3454.36328125
3456.72265625
3458.99609375
3461.359375
3463.78515625
3466.22265625
3468.671875
3469.9140625
3472.25390625
3477.8203125
3474.75
3477.125
3479.58984375
3481.9296875
3484.41796875
3486.80859375
3489.3046875
3491.76171875
3494.15625
3496.50390625
3498.875
3501.33984375
3503.75
3504.88671875
3507.40234375
3509.65234375
3511.7265625
3514.05078125
3516.45703125
3518.78515625
3521.1640625
3523.42578125
3525.72265625
3528.07421875
3530.38671875
3532.65234375
3535.0
3537.3359375
3539.71875
3597.2734375
3543.00390625
3603.23828125
3545.13671875
3547.41015625
3549.671875
3552.05078125
3554.37890625
3556.65234375
3559.015625
3561.4140625
3563.671875
3565.8984375
3568.2265625
3570.5390625
3572.91015625
3575.2421875
3577.65234375
3579.94140625
3580.83203125
3583.15234375
3585.40234375
3587.6015625
3589.89453125
3592.05859375
3594.41015625
3596.67578125
3598.93359375
3601.2578125
3603.5703125
3605.82421875
3608.109375
3610.328125
3612.56640625
3614.81640625
3617.01171875
3619.33984375
3730.84765625
3622.52734375
3889.953125
3624.328125
3626.484375
3628.7421875
3630.94921875
3633.20703125
3635.45703125
3637.7265625
3640.046875
3642.22265625
3644.46484375
3646.67578125
3648.9296875
3651.14453125
3653.3125
3655.3828125
3657.48828125
3659.56640625
3661.5625
3663.7109375
3664.51171875
3666.42578125
3668.4921875
3670.6171875
3672.7421875
3674.77734375
3676.796875
3678.94921875
3681.05859375
3683.16015625
3685.37890625
3687.6171875
3689.7890625
3692.0546875
3694.26171875
3696.52734375
3698.7578125
3700.9765625
3703.22265625
3705.47265625
3707.6484375
3882.62109375
3709.01953125
3709.6796875
3711.9921875
3714.08203125
3716.34765625
3718.2109375
3720.5
3722.765625
3724.96484375
3727.16015625
3729.375
3731.50390625
3733.75390625
3735.95703125
3738.23828125
3740.3203125
3742.609375
3744.72265625
3747.03515625
3749.28515625
3751.48046875
3753.6015625
3755.80078125
3904.0
3758.54296875
3760.71875
3762.90234375
3765.1640625
3767.29296875
3769.5390625
3771.625
3773.875
3776.01953125
3778.28125
3780.33203125
3782.54296875
3784.74609375
3786.91015625
3789.02734375
3791.234375
3793.3125
3795.57421875
3797.609375
3799.78515625
3802.0234375
3939.80078125
3868.95703125
3805.3515625
3908.94140625
3808.0078125
3810.12890625
3812.2578125
3814.2109375
3816.359375
3818.48828125
3820.7578125
3822.9453125
3825.07421875
3827.32421875
3829.4375
3831.61328125
3833.77734375
3835.875
3838.0
3840.125
3842.3671875
3844.55078125
3846.65625
3848.84375
3851.00390625
3853.17578125
3855.3984375
3857.453125
3859.625
3859.99609375
3862.08984375
3864.2109375
3866.3203125
3868.44140625
3870.62890625
3872.71875
3874.82421875
3876.921875
3879.109375
3881.234375
3883.34765625
3885.4609375
3887.6015625
3889.78515625
3891.91015625
3894.01953125
3896.109375
3898.21484375
3900.37890625
4126.859375
4220.8984375
4220.8984375
4062.1875
4064.41015625
4066.734375
4164.09375
4459.61328125
4069.30078125
4071.53125
4073.640625
4088.7109375
4075.6171875
4077.81640625
4080.01953125
4082.1953125
4084.31640625
4086.515625
4088.62109375
4090.75390625
4092.984375
4094.94921875
4097.109375
4099.203125
4101.359375
4103.5
4105.6484375
4107.703125
4109.796875
4111.95703125
4114.1015625
4116.3203125
4118.44921875
4120.57421875
4122.65234375
4124.7578125
4126.82421875
4128.9375
4131.01953125
4132.8203125
4295.87109375
4134.8671875
4136.8515625
4138.89453125
4140.91015625
4142.984375
4145.00390625
4147.01171875
4149.0703125
4151.16015625
4153.0859375
4154.703125
4156.7421875
4158.76171875
4160.79296875
4162.828125
4164.859375
4167.02734375
4169.140625
4171.11328125
4173.26171875
4175.4375
4177.59765625
4179.671875
4181.828125
4220.828125
4531.52734375
4184.2109375
4186.24609375
4188.30859375
4190.51953125
4192.609375
4194.875
4366.6875
4197.0078125
4199.1640625
4201.2421875
4203.30078125
4205.40234375
4207.6015625
4209.6796875
4211.87109375
4213.92578125
4216.10546875
4218.19140625
4220.34765625
4222.48828125
4224.546875
4226.58984375
4228.73046875
4230.890625
4232.9765625
4235.1171875
4237.26171875
4239.37890625
4241.53515625
4243.609375
4245.7421875
4247.6953125
4249.81640625
4251.9140625
4254.13671875
4256.25390625
4258.36328125
4323.625
4260.55078125
4262.70703125
4264.7890625
4266.8125
4268.8671875
4270.79296875
4272.71875
4274.87109375
4277.109375
4279.16796875
4281.31640625
4283.40625
4285.4921875
4287.58203125
4289.7421875
4291.6171875
4293.703125
4295.76953125
4297.9921875
4300.17578125
4302.296875
4304.49609375
4306.640625
4308.66796875
4310.71875
4486.40625
4808.0
4312.6484375
4314.73828125
4316.8125
4318.8984375
4321.015625
4323.1015625
4325.171875
4327.23046875
4489.67578125
4329.19140625
4331.28515625
4333.37890625
4335.40625
4337.53515625
4339.58203125
4341.78125
4343.76171875
4345.87109375
4348.00390625
4350.28125
4352.21875
4354.26171875
4356.3515625
4358.4375
4360.484375
4362.56640625
4364.66015625
4366.69921875
4368.78515625
4370.80859375
4372.86328125
4374.9765625
4377.01171875
4379.08203125
4381.265625
4383.12109375
4385.17578125
4387.2578125
4389.30859375
4391.4140625
4393.51171875
4395.59375
4397.6796875
4399.77734375
4662.48046875
4401.5703125
4403.71484375
4405.6953125
4407.79296875
4409.81640625
4411.890625
4414.05078125
4416.0625
4418.10546875
4420.234375
4422.2890625
4424.453125
4426.26953125
4428.4140625
4430.37890625
4432.4765625
4434.5625
4436.609375
4438.73828125
4440.89453125
4442.890625
4444.80078125
4446.8046875
4448.6875
4450.56640625
4452.5625
4679.45703125
4978.8984375
4453.6875
4455.82421875
4457.703125
4459.59375
4461.52734375
4463.328125
4465.1328125
4467.26953125
4469.29296875
4471.44140625
4473.453125
4475.48046875
4697.8515625
4477.03515625
4479.12890625
4481.07421875
4483.1875
4485.2578125
4487.48828125
4489.5625
4491.40625
4493.38671875
4495.5
4497.4140625
4499.2578125
4501.3125
4503.15625
4505.03125
4507.03125
4508.9921875
4511.03515625
4512.890625
4514.92578125
4516.94921875
4518.921875
4520.76953125
4522.90625
4524.99609375
4527.0390625
4529.00390625
4530.89453125
4532.890625
4534.79296875
4536.73046875
4538.8828125
4540.8671875
4542.9921875
4545.0234375
4547.125
4549.15234375
4551.2578125
4553.3046875
4555.26953125
4773.98046875
4556.9375
4558.8203125
4560.83984375
4563.015625
4565.13671875
4567.2421875
4569.23046875
4571.3359375
4573.328125
4575.22265625
4577.22265625
4579.22265625
4581.296875
4583.2578125
4585.28125
4587.2890625
4589.2265625
4591.1328125
4593.15234375
4595.05078125
4597.0390625
4599.015625
4600.9296875
4602.92578125
4605.01953125
4607.01953125
4609.0390625
4776.16796875
5079.6875
4797.03125
4611.375
4613.3359375
4615.328125
4617.3046875
4619.27734375
4621.328125
4623.30859375
4625.31640625
4627.33203125
4629.3203125
4631.28125
4633.2578125
4635.31640625
4637.234375
4639.33984375
4829.01171875
4640.46875
4642.4609375
4644.4453125
4646.4375
4648.4609375
4650.1484375
4652.1875
4654.18359375
4656.24609375
4658.19921875
4660.28125
4662.21875
4664.28515625
4666.23828125
4668.30078125
4670.19921875
4672.2265625
4674.2265625
4676.2265625
4678.26171875
4680.2734375
4682.28515625
4684.2578125
4686.296875
4688.32421875
4690.35546875
4692.359375
4694.31640625
4696.39453125
4698.42578125
4700.33984375
4702.33984375
4704.33984375
4706.39453125
4708.3828125
4710.4140625
4712.3984375
4714.45703125
4716.43359375
4718.45703125
4720.41796875
4722.44921875
4724.421875
4726.4453125
4728.4296875
4965.72265625
4729.453125
4731.50390625
4733.5
4735.6015625
4737.515625
4739.53125
4741.50390625
4743.34375
4745.1015625
4746.8828125
4748.72265625
4750.65234375
4752.515625
4754.3125
4756.23046875
4758.03125
4759.82421875
4761.625
4763.50390625
4765.203125
4767.2890625
4769.171875
4771.23046875
4773.26171875
4775.30078125
4777.35546875
4779.30078125
4781.4453125
4783.48828125
5077.3984375
5389.73828125
4860.8359375
4785.41796875
4787.421875
4789.44921875
4791.62890625
4793.52734375
4795.65234375
4797.61328125
4799.9375
4801.7578125
4803.80078125
4805.4921875
4807.5625
4809.46484375
4811.43359375
4813.4296875
4815.4765625
4817.4765625
4819.4375
4821.4375
4955.2265625
4954.12109375
4824.34375
4826.28515625
4828.26953125
4830.1953125
4832.296875
4834.1796875
4836.21484375
4838.16796875
4840.18359375
4842.15625
4844.17578125
4846.15625
4848.0390625
4850.078125
4852.0390625
4854.11328125
4856.05859375
4858.1328125
4860.09765625
4862.1640625
4864.20703125
4866.21875
4868.203125
4870.16015625
4872.1640625
4874.18359375
4876.22265625
4878.21875
4880.34765625
4882.265625
4884.29296875
4886.421875
4888.40234375
4890.22265625
4892.3359375
4894.42578125
4896.37109375
4898.546875
4900.48046875
4902.515625
4904.50390625
4906.4921875
4908.50390625
4910.4375
4912.4140625
4914.37890625
4916.328125
4918.3515625
4920.2890625
5037.80078125
5234.86328125
4922.90234375
4924.8515625
4926.93359375
4928.83203125
4930.73828125
4932.6953125
4934.69921875
4936.66015625
4938.6015625
4940.578125
4942.46875
4944.48828125
4946.48046875
4948.37890625
4950.3515625
4952.32421875
4954.33203125
4956.34375
4958.234375
5050.35546875
5271.50390625
5271.50390625
5271.50390625
5271.50390625
5271.50390625
5271.50390625
5271.50390625
5271.50390625
5271.50390625
5271.50390625
5271.50390625
5271.50390625
5271.50390625
5271.50390625
5271.50390625
5271.50390625
5271.50390625
5271.50390625
5271.50390625
5271.50390625
5271.50390625
5271.50390625
5271.50390625
5271.50390625
5271.50390625
5271.50390625
5271.50390625
5271.50390625
5271.50390625
5271.50390625
5271.50390625
5271.50390625
5271.50390625
5271.50390625
5271.50390625
5271.50390625
5271.50390625
5271.50390625
5271.50390625
5271.50390625
5271.50390625
5271.50390625
5271.50390625
5271.50390625
5271.50390625
5271.50390625
5271.50390625
5271.50390625
5271.50390625
5271.50390625
5271.50390625
5271.50390625
5271.50390625
5271.50390625
5271.50390625
5271.50390625
5271.50390625
5271.50390625
5271.50390625
5271.50390625
5271.50390625
5271.50390625
5271.50390625
5271.50390625
5271.50390625
5271.50390625
5271.50390625
5271.50390625
5271.50390625
5271.50390625
5271.50390625
5271.50390625
5271.50390625
5271.50390625
5271.50390625
5271.50390625
5271.50390625
5271.50390625
5279.71484375
5291.62109375
5302.88671875
5313.77734375
5324.328125
5335.07421875
5345.4296875
5355.73828125
5365.6328125
5375.828125
5385.921875
5395.81640625
5405.7421875
5415.75390625
5425.55078125
5435.78125
5445.55859375
5455.66015625
5465.3671875
5475.3515625
5484.98046875
5494.26171875
5503.6875
5513.01953125
5522.2890625
5531.82421875
5541.09375
5550.6328125
5559.875
5569.12890625
5578.3046875
5587.40234375
5596.703125
5605.68359375
5614.59765625
5623.984375
5633.28515625
5642.5
5651.77734375
5661.109375
5670.33203125
5671.54296875
5671.54296875
5671.54296875
5671.54296875
5671.54296875
5671.54296875
5671.54296875
5671.54296875
5089.08984375
5092.95703125
5372.87890625
5657.93359375
5671.54296875
5671.54296875
5671.54296875
5671.54296875
5671.54296875
5671.54296875
5671.54296875
5671.54296875
5671.54296875
5671.54296875
5671.54296875
5671.54296875
5671.54296875
5671.54296875
5671.54296875
5671.54296875
5671.54296875
5671.54296875
5671.54296875
5671.54296875
5671.54296875
5671.54296875
5671.54296875
5671.54296875
5671.54296875
5671.54296875
5671.54296875
5671.54296875
5671.54296875
5671.54296875
5671.54296875
5671.54296875
5671.54296875
5671.54296875
5671.54296875
5671.54296875
5671.54296875
5671.54296875
5671.54296875
5671.54296875
5386.34765625
5271.51171875
4968.76953125
5069.0
5172.953125
5273.95703125
5374.19921875
5472.640625
5553.5546875
5553.56640625
5553.56640625
5554.6015625
5554.6015625
5554.6015625
5554.6015625
5555.6328125
5555.6328125
5555.6328125
5555.6328125
5555.6328125
5555.6328125
5555.6328125
5555.6328125
5557.6953125
5557.6953125
5557.6953125
5557.6953125
5557.6953125
5557.6953125
5557.6953125
5557.6953125
5557.6953125
5557.6953125
5557.6953125
5557.6953125
5557.6953125
5557.6953125
5557.6953125
5557.6953125
5557.6953125
5557.6953125
5557.6953125
5557.6953125
5557.6953125
5561.8203125
5561.8203125
5561.8203125
5561.8203125
5561.8203125
5561.8203125
5561.8203125
5561.8203125
5561.8203125
5561.8203125
5561.8203125
5561.8203125
5561.8203125
5561.8203125
5561.8203125
5561.8203125
5561.8203125
5561.8203125
5561.8203125
5561.8203125
5561.8203125
5561.8203125
5561.8203125
5561.8203125
5561.8203125
5561.8203125
5561.8203125
5561.8203125
5561.8203125
5561.8203125
5561.8203125
5561.8203125
5561.8203125
5561.8203125
5561.8203125
5561.8203125
5561.8203125
5561.8203125
5561.8203125
5561.8203125
5561.8203125
5561.8203125
5561.8203125
5561.8203125
5570.0703125
5570.0703125
5570.0703125
5570.0703125
5570.0703125
5570.0703125
5570.0703125
5570.0703125
5570.0703125
5570.0703125
5570.0703125
5570.0703125
5570.0703125
5570.0703125
5570.0703125
5570.0703125
5570.0703125
5570.0703125
5570.0703125
5570.0703125
5570.0703125
5570.0703125
5570.0703125
5570.0703125
5570.0703125
5570.0703125
5570.0703125
5570.0703125
5570.0703125
5570.0703125
5570.0703125
5570.0703125
5570.0703125
5570.0703125
5570.0703125
5570.0703125
5570.0703125
5570.0703125
5570.0703125
5570.0703125
5570.0703125
5570.0703125
5570.0703125
5570.0703125
5570.0703125
5570.0703125
5570.0703125
5570.0703125
5570.0703125
5570.0703125
5570.0703125
5570.0703125
5570.0703125
5570.0703125
5570.0703125
5570.0703125
5570.0703125
5570.0703125
5570.0703125
5570.0703125
5570.0703125
5570.0703125
5570.0703125
5570.0703125
5570.0703125
5570.0703125
5570.0703125
5570.0703125
5570.0703125
5570.0703125
5570.0703125
5570.0703125
5570.0703125
5570.0703125
5570.0703125
5570.0703125
5570.0703125
5570.0703125
5570.0703125
5570.0703125
5570.0703125
5570.0703125
5570.0703125
5570.0703125
5570.0703125
5570.0703125
5570.0703125
5570.0703125
5570.0703125
5570.0703125
5570.0703125
5570.0703125
5570.0703125
5570.0703125
5570.0703125
5570.0703125
5570.0703125
5570.0703125
5570.0703125
5570.0703125
5570.0703125
5570.0703125
5586.5390625
5586.5390625
5586.5390625
5586.5390625
5586.5390625
5586.5390625
5586.5390625
5586.5390625
5586.5390625
5586.5390625
5586.5390625
5586.5390625
5586.5390625
5586.5390625
5586.5390625
5586.5390625
5586.5390625
5586.5390625
5586.5390625
5586.5390625
5586.5390625
5586.5390625
5586.5390625
5586.5390625
5586.5390625
5586.5390625
5586.5390625
5586.5390625
5588.96484375
5593.5234375
5598.47265625
5603.34765625
5608.22265625
5613.09765625
5617.97265625
5622.91015625
5627.51953125
5631.59765625
5635.66015625
5639.47265625
5643.22265625
5647.00390625
5650.515625
5654.22265625
5658.34765625
5662.0234375
5665.78125
5669.91015625
5673.97265625
5677.97265625
5682.01953125
5686.09765625
5689.9765625
5694.16015625
5698.34765625
5702.50390625
5706.66015625
5710.76953125
5714.9921875
5719.16015625
5723.01953125
5727.16015625
5731.22265625
5735.34765625
5739.41015625
5743.66015625
5747.7734375
5751.84765625
5755.97265625
5760.22265625
5764.34765625
5768.34765625
5772.23828125
5776.34765625
5780.66015625
5784.78515625
5788.98828125
5793.16015625
5797.16015625
5801.34375
5805.47265625
5809.47265625
5813.41015625
5817.34765625
5821.34765625
5825.28125
5829.265625
5833.25390625
5837.41015625
5841.47265625
5845.41015625
5849.47265625
5853.74609375
6042.92578125
6281.32421875
6526.85546875
6690.765625
6761.6328125
6825.25390625
6887.05859375
6951.06640625
7011.89453125
6931.96484375
5885.61328125
5854.66015625
5854.66015625
5854.66015625
5854.66015625
5854.66015625
5854.66015625
5854.66015625
5854.66015625
5854.66015625
5854.66015625
5854.66015625
5854.66015625
5854.66015625
5854.66015625
5854.66015625
5854.66015625
5854.66015625
5854.66015625
5854.66015625
5854.66015625
5844.91015625
5468.171875
5741.19140625
6021.1484375
6241.52734375
6307.5
6307.5
6307.5
6307.5
6307.5
6307.5
6307.5
6307.5
6307.5
6307.5
5537.3125
5581.02734375
5581.02734375
5581.02734375
5581.02734375
5581.02734375
5581.02734375
5581.02734375
5581.02734375
5583.5546875
5615.79296875
5621.1796875
5626.7578125
5632.19921875
5637.7265625
5643.3828125
5648.96875
5654.52734375
5660.02734375
5665.55859375
5671.00390625
5683.625
5724.40234375
5732.046875
5735.296875
5740.22265625
5747.046875
5749.859375
5752.421875
5762.609375
5764.859375
5766.921875
5768.796875
5770.3515625
5787.859375
5789.62109375
5791.18359375
5792.796875
5794.23046875
5795.609375
5796.859375
5829.609375
5830.859375
5831.9296875
5832.96484375
5833.921875
5834.796875
5835.671875
5836.421875
5837.07421875
5837.609375
5838.171875
5927.33984375
5902.796875
5903.2421875
5903.69140625
5904.109375
5904.484375
5904.859375
5905.171875
5905.421875
5905.671875
5905.921875
5906.109375
5906.2109375
5906.359375
5906.48046875
5906.609375
5906.671875
5906.796875
5906.796875
5906.859375
5906.921875
5978.734375
6162.92578125
6034.921875
6034.921875
6034.92578125
6034.9296875
6034.93359375
6034.93359375
5989.18359375
5989.18359375
5989.18359375
5989.18359375
5989.18359375
5989.18359375
5989.18359375
5883.18359375
5447.453125
5595.8828125
5880.33203125
6163.6171875
6439.3984375
6451.4765625
6451.53515625
6451.58984375
6451.6484375
6451.70703125
6451.76171875
6451.8203125
6451.87890625
6451.9375
6451.99609375
6452.05859375
6452.11328125
6452.171875
6452.22265625
6452.28125
6452.33984375
6452.3984375
6452.45703125
6452.515625
6452.578125
6452.63671875
6452.6953125
6452.75390625
6452.8125
6452.87109375
6452.9296875
6452.984375
6453.04296875
6453.10546875
6453.16015625
6453.21875
6453.2734375
6453.33203125
6453.390625
6453.4453125
6453.50390625
6453.5625
6453.6171875
6453.66796875
6453.72265625
6453.78125
6453.83984375
6453.89453125
6453.94921875
6454.0078125
6454.06640625
6454.125
6454.18359375
6454.2421875
6454.296875
6454.35546875
6454.41015625
6454.46875
6454.5234375
6454.578125
6454.6328125
6454.6875
6454.74609375
6454.8046875
6454.86328125
6454.921875
6454.9765625
6455.03515625
6455.08984375
6455.1484375
6455.20703125
6455.26171875
6455.31640625
6455.375
6455.43359375
6455.4921875
6455.546875
6455.60546875
6455.6640625
6455.71875
6455.7734375
6455.828125
6455.88671875
6455.9453125
6456.0
6456.05859375
6456.11328125
6456.16796875
6456.2265625
6456.28125
6456.33984375
6456.390625
6456.4453125
6456.49609375
6456.546875
6456.59375
6456.65234375
6456.70703125
6456.76171875
6456.8203125
6456.875
6456.9296875
6456.984375
6457.03515625
6457.08984375
6457.1484375
6457.20703125
6457.265625
6457.328125
6457.38671875
6457.44140625
6457.5
6457.5625
6457.62109375
6457.6796875
6457.73828125
6457.79296875
6457.8515625
6457.90625
6457.96484375
6458.01953125
6458.07421875
6458.1328125
6458.19140625
6458.25
6458.30859375
6458.3671875
6458.421875
6458.48046875
6458.5390625
6458.59375
6458.64453125
6458.703125
6458.76171875
6458.81640625
6458.875
6458.9296875
6458.984375
6459.04296875
5692.875
5577.78515625
5584.70703125
5592.0078125
5598.11328125
5605.32421875
5612.7421875
5620.1328125
5627.3984375
5634.55078125
5641.81640625
5649.1484375
5656.6171875
5663.953125
5671.08203125
5678.47265625
5685.83203125
5693.0703125
5700.30078125
5707.48828125
5714.6328125
5721.859375
5728.73046875
5736.06640625
5743.3203125
5750.984375
5758.11328125
5765.33984375
5772.92578125
5780.3984375
5787.7578125
5794.91015625
5802.1015625
5809.7421875
5817.3359375
5824.7890625
5832.1953125
5839.61328125
5846.91796875
5854.078125
5861.296875
5868.5
5875.75390625
5883.078125
5890.16796875
5897.47265625
5904.6640625
5912.0
5918.92578125
5926.13671875
5933.2734375
5940.20703125
5947.6015625
5954.87890625
5961.7734375
5968.76953125
5975.625
5982.8046875
5989.98828125
5996.87109375
6003.95703125
6010.953125
6018.1640625
6025.4609375
6033.03515625
6040.0546875
6047.62109375
6055.109375
6062.390625
6069.76171875
6076.82421875
6084.15234375
6091.40234375
6098.68359375
6105.78125
6113.0859375
6120.41015625
6127.44921875
6134.578125
6141.5703125
6148.72265625
6155.97265625
6163.03125
6170.31640625
6177.72265625
6185.0
6192.31640625
6199.5078125
6206.96484375
6214.296875
6221.5078125
6228.59765625
6236.09765625
6243.51171875
6250.91796875
6258.03125
6265.4609375
6272.703125
6279.046875
6286.1484375
6293.19140625
6299.9140625
6307.0625
6313.9453125
6320.38671875
6327.55859375
6334.69921875
6341.71484375
6348.58203125
6355.81640625
6362.7890625
6369.7265625
6375.8515625
6382.48828125
6389.0703125
6395.59765625
6402.3046875
6409.1328125
6415.96484375
6422.7421875
6429.62109375
6436.00390625
6442.07421875
6448.96484375
6455.2109375
6462.19921875
6469.546875
6476.7421875
6483.88671875
6490.9765625
6497.94140625
6505.01953125
6512.19921875
6519.4765625
6526.78125
6534.0
6541.12109375
6548.52734375
6555.86328125
6563.07421875
6570.48828125
6577.30078125
6584.55078125
6591.921875
6599.0390625
6606.30078125
6613.44921875
6620.42578125
6627.48828125
6634.61328125
6641.796875
6648.55078125
6655.6953125
6662.8203125
6670.13671875
6677.46875
6684.33984375
5958.50390625
5175.3828125
5176.16015625
5177.6171875
5179.46875
5180.62890625
5181.7890625
5182.9375
5184.09765625
5185.23046875
5186.39453125
5187.54296875
5188.69140625
5189.80078125
5190.9140625
5192.109375
5193.26953125
5194.5
5195.65234375
5196.859375
5197.98046875
5199.14453125
5200.2890625
5201.4609375
5202.578125
5203.64453125
5204.8828125
5219.453125
5207.07421875
5208.36328125
5209.52734375
5210.61328125
5211.7890625
5213.03125
5214.0
5215.234375
5216.37109375
5217.59765625
5218.57421875
5219.80078125
5220.90234375
5222.125
5224.8359375
5224.34765625
5225.546875
5226.63671875
5227.69140625
5228.9296875
5229.83203125
5231.0390625
5232.2265625
5233.3515625
5234.5703125
5235.8203125
5236.64453125
5237.89453125
5239.140625
5240.20703125
5241.421875
5242.6640625
5243.89453125
5244.765625
5246.0546875
5247.30859375
5248.44140625
5249.71875
5251.06640625
5252.39453125
5253.234375
5254.515625
5255.8515625
5257.16015625
5258.3125
5259.5859375
5260.83203125
5285.7890625
5262.9375
5264.26171875
5265.52734375
5266.80859375
5268.09765625
5269.20703125
5270.46875
5271.7421875
5332.23828125
5279.97265625
5275.01171875
5276.35546875
5277.69140625
5279.02734375
5280.0625
5281.375
5282.65234375
5283.94921875
5313.6484375
5286.05078125
5287.1171875
5288.44921875
5289.7734375
5291.05078125
5292.3515625
5293.41796875
5294.70703125
5295.96484375
5297.23828125
5325.84765625
5299.37109375
5300.6484375
5301.66796875
5302.97265625
5304.24609375
5305.52734375
5306.80078125
5308.05859375
5309.015625
5310.2265625
5311.4453125
5312.6875
5357.66796875
5314.59375
5315.76953125
5359.65625
5317.92578125
5319.10546875
5320.26953125
5321.46484375
5322.64453125
5323.8671875
5325.17578125
5326.16015625
5327.44140625
5328.71875
5329.98046875
5414.96484375
5331.9296875
5333.2265625
5334.515625
5335.49609375
5336.77734375
5338.03125
5339.32421875
5340.57421875
5341.84375
5343.12109375
5344.38671875
5345.34765625
5346.44921875
5347.76953125
5349.0625
5381.53515625
5351.01953125
5352.296875
5353.59375
5354.88671875
5355.8125
5357.06640625
5358.28515625
5359.6328125
5360.96484375
5362.265625
5363.59375
5364.890625
5366.19140625
5367.09375
5368.36328125
5369.68359375
5370.94921875
5445.23046875
5372.875
5374.1640625
5375.42578125
5376.75
5378.07421875
5378.98828125
5380.2421875
5381.53125
5382.82421875
5384.125
5385.4375
5386.69921875
5388.05859375
5389.375
5390.67578125
5391.53125
5392.8046875
5394.05859375
5395.37109375
5434.34375
5397.12109375
5398.41796875
5399.71875
5401.0078125
5402.296875
5403.57421875
5479.6328125
5405.70703125
5406.97265625
5408.24609375
5409.55078125
5410.8203125
5412.1171875
5413.41015625
5414.7109375
5415.9765625
5417.26171875
5418.5625
5419.3984375
5420.6953125
5421.96484375
5423.2734375
5554.98828125
5424.91796875
5426.16015625
5427.4375
5428.69921875
5430.00390625
5431.29296875
5432.55859375
5433.859375
5434.65234375
5435.9453125
5437.19921875
5438.4765625
5439.7265625
5441.0078125
5442.28515625
5443.5703125
5444.87109375
5446.16015625
5447.4296875
5448.71875
5450.0078125
5450.74609375
5452.03125
5453.296875
5455.57421875
5564.1640625
5457.1015625
5458.375
5459.66796875
5460.95703125
5462.265625
5463.58203125
5464.83984375
5466.15625
5467.41796875
5544.34375
5469.24609375
5470.54296875
5471.8515625
5473.15234375
5474.43359375
5475.73046875
5477.01171875
5478.3125
5479.609375
5480.85546875
5482.15234375
5483.4453125
5484.7265625
5486.015625
5486.7109375
5488.01953125
5489.2734375
5490.53125
5671.8203125
5491.98046875
5493.2734375
5494.56640625
5495.86328125
5497.15625
5498.46875
5499.76953125
5501.01171875
5502.1796875
5503.3515625
5504.54296875
5503.171875
5503.171875
5503.171875
5503.171875
5503.171875
5503.171875
5503.171875
5503.171875
5503.171875
5503.171875
5503.171875
5503.171875
5503.171875
5503.171875
5503.171875
5503.171875
5503.171875
5503.171875
5503.171875
5503.171875
5503.171875
5503.171875
5503.171875
5513.5546875
5532.66796875
5551.71484375
5570.12890625
5589.375
5608.5703125
5612.55859375
5612.55859375
5612.55859375
5612.55859375
5612.55859375
5612.55859375
5612.55859375
5612.55859375
5612.55859375
5612.55859375
5612.55859375
5612.55859375
5612.55859375
5612.55859375
5505.94140625
5510.8046875
5550.9921875
5600.546875
5677.22265625
5948.375
6225.1953125
6369.5234375
6369.5234375
6369.5234375
6369.5234375
6369.5234375
6369.5234375
6369.5234375
6369.5234375
6369.5234375
6369.5234375
6369.5234375
6369.5234375
6369.5234375
6369.5234375
6369.5234375
6369.5234375
6369.5234375
6369.5234375
6369.5234375
5653.10546875
5710.73828125
5765.40234375
5690.2265625
5944.03125
5980.453125
5982.484375
5984.48046875
5986.4921875
5988.4375
5845.4921875
5657.1875
5657.1875
5657.1875
5657.1875
5640.7421875
5332.93359375
5036.18359375
4497.84375
3458.7109375
2758.4296875
