3049.0625
3049.0625
3094.93359375
3096.59765625
2976.90625
2959.40625
2741.90234375
2740.94921875
2748.12109375
2749.40234375
2755.59375
2756.85546875
2758.19921875
2759.578125
2760.91796875
2772.04296875
2773.39453125
2774.60546875
2775.97265625
2777.3203125
2778.4453125
2779.80859375
2781.109375
2782.48828125
2783.74609375
2785.2265625
2786.47265625
2787.87109375
2820.5
2809.90234375
2811.34375
2812.58984375
2813.92578125
2815.3515625
2816.5390625
2817.8671875
2819.29296875
2820.546875
2821.8125
2823.16015625
2824.54296875
2825.69140625
2827.15625
2828.49609375
2829.89453125
2841.7421875
2832.44140625
2833.8359375
2835.13671875
2836.5546875
2837.57421875
2838.96875
2840.35546875
2880.859375
2880.859375
2880.859375
2880.859375
2893.43359375
2875.90625
2900.8828125
2900.8828125
2862.78515625
2875.7734375
2875.7734375
2875.7734375
2876.96484375
2876.96484375
2876.96484375
2876.96484375
2876.96484375
2878.15234375
2878.15234375
2878.15234375
2878.15234375
2878.15234375
2878.15234375
2878.15234375
2878.15234375
2878.15234375
2878.15234375
2880.31640625
2880.31640625
2882.046875
2887.80859375
2893.421875
2899.1015625
2904.796875
2910.0859375
2915.546875
2918.234375
2918.234375
2953.62890625
2931.390625
2937.5
2942.54296875
2946.54296875
2954.54296875
2954.54296875
2970.54296875
2970.54296875
2970.54296875
2959.54296875
2965.328125
2917.75390625
2940.140625
2921.859375
2869.24609375
2870.52734375
2872.1953125
2873.18359375
2874.234375
2875.2578125
2876.3203125
2877.35546875
2878.39453125
2879.41796875
2880.46875
2881.4765625
2882.48828125
2883.5546875
2884.609375
2885.65625
2886.73046875
2887.73046875
2888.79296875
2889.86328125
2890.8359375
2891.921875
2892.89453125
2893.97265625
2895.01953125
2896.02734375
2897.078125
2898.171875
2899.125
2900.1875
2901.27734375
2902.30859375
2903.3046875
2904.359375
2905.4765625
2921.203125
2907.48828125
2908.5859375
2909.62109375
2910.71875
2911.59765625
2912.7109375
2913.734375
2914.84765625
2915.9453125
2916.765625
2917.85546875
2918.96875
2919.96484375
2921.01953125
2922.07421875
2922.8828125
2923.9765625
2925.078125
2926.0625
2927.12890625
2928.20703125
2929.10546875
2930.0859375
2931.16015625
2932.203125
2940.25
2934.11328125
2935.140625
2936.21875
2937.0859375
2938.05859375
2939.1484375
2940.21875
2941.31640625
2942.26171875
2943.30078125
2944.34765625
2945.09765625
2946.0
2947.0859375
2948.15625
2949.2421875
2950.3203125
2951.29296875
2952.3828125
2953.47265625
2954.26953125
2955.37109375
2956.3125
2957.40234375
2958.4921875
2959.55859375
2960.6484375
2961.62109375
2962.69921875
2963.796875
2978.45703125
2965.53125
2966.61328125
2967.546875
2968.63671875
2969.7421875
2970.81640625
2971.91015625
2972.9921875
2973.90625
2974.984375
2976.0390625
2982.859375
2977.875
2978.96875
2979.8828125
2980.96875
2982.08203125
2983.1640625
2984.23828125
2985.3515625
2986.45703125
2987.359375
2988.46875
2989.5625
2990.2734375
2991.375
2992.46484375
2993.54296875
2994.375
2995.4765625
2996.55859375
2997.66015625
2998.72265625
2999.8125
3000.9140625
3001.78125
3002.859375
3003.953125
3005.0390625
3005.67578125
3006.765625
3007.87890625
3008.9765625
3039.48046875
3010.9140625
3012.02734375
3013.10546875
3014.16015625
3015.26953125
3016.36328125
3017.4609375
3018.54296875
3019.38671875
3020.49609375
3021.5625
3100.8984375
3023.25390625
3024.328125
3025.43359375
3026.5078125
3027.61328125
3028.46484375
3029.5703125
3030.63671875
3031.703125
3032.8046875
3033.87109375
3034.9453125
3036.01953125
3037.08203125
3037.90234375
3038.98046875
3040.08203125
3041.1796875
3041.7109375
3042.79296875
3043.8984375
3044.984375
3046.0625
3047.140625
3048.234375
3049.0390625
3050.12109375
3051.22265625
3052.30078125
3053.38671875
3054.48046875
3055.53125
3056.61328125
3057.69140625
3058.80078125
3115.51171875
3060.65625
3061.7421875
3062.83203125
3063.2890625
3064.3828125
3065.484375
3066.5703125
3067.5703125
3068.52734375
3070.50390625
3071.609375
3109.98046875
3073.4609375
3074.5546875
3075.64453125
3076.74609375
3077.8359375
3078.91015625
3079.96484375
3081.07421875
3082.1953125
3083.28125
3084.359375
3099.1796875
3086.20703125
3087.265625
3132.78515625
3088.7734375
3089.87109375
3090.9375
3092.03125
3093.125
3094.25390625
3095.3515625
3096.44921875
3097.53125
3098.5078125
3099.08984375
3100.12109375
3101.11328125
3102.14453125
3103.06640625
3104.12109375
3105.1484375
3106.19921875
3107.2421875
3108.2890625
3109.3046875
3110.24609375
3111.3359375
3112.4453125
3113.140625
3114.265625
3115.375
3115.6953125
3116.78515625
3117.8828125
3119.00390625
3120.109375
3121.21484375
3122.3203125
3123.42578125
3124.53125
3125.60546875
3126.7109375
3127.80078125
3128.48828125
3129.58203125
3130.70703125
3131.80859375
3132.9375
3134.04296875
3135.1953125
3136.31640625
3134.91015625
3134.91015625
3134.91015625
3134.91015625
3134.91015625
3134.91015625
3134.91015625
3134.91015625
3134.91015625
3134.91015625
3134.91015625
3134.91015625
3134.91015625
3146.734375
3181.98828125
3218.79296875
3062.046875
3223.859375
3223.859375
3223.859375
3223.859375
3223.859375
3223.859375
3223.859375
3223.859375
3223.859375
3175.8984375
3213.91796875
3338.37890625
3342.38671875
3346.27734375
3156.3046875
2796.03125
2749.77734375
