2749.77734375
2749.77734375
2783.1328125
2783.65234375
2749.3203125
2751.83203125
2756.32421875
2758.16015625
2763.99609375
2765.30859375
2766.6640625
2767.9765625
2789.17578125
2780.375
2781.75390625
2783.06640625
2784.390625
2785.66796875
2787.04296875
2788.28515625
2789.6875
2790.8828125
2792.28125
2793.5234375
2794.859375
2835.8671875
2817.01171875
2818.34765625
2819.54296875
2820.87890625
2822.3125
2823.484375
2824.8984375
2826.22265625
2827.43359375
2828.671875
2830.01953125
2831.39453125
2832.6796875
2833.890625
2838.453125
2836.51171875
2837.8515625
2838.91796875
2840.3046875
2841.53515625
2842.953125
2844.3828125
2845.4453125
2846.84375
2849.98828125
2849.46484375
2850.86328125
2851.97265625
2853.23828125
2854.625
2863.96484375
2857.26953125
2858.640625
2904.25390625
2860.9296875
2901.25390625
2902.640625
2904.01171875
2905.20703125
2906.578125
2907.98046875
2909.0234375
2910.234375
2911.58203125
2912.98828125
2914.33203125
2915.5390625
2916.9375
2918.3203125
2919.3125
2920.4765625
2921.84375
2923.2265625
2924.5546875
2956.54296875
2927.09375
2928.375
2930.03515625
2932.00390625
2938.10546875
2937.1875
2940.1171875
2942.78515625
2945.6796875
2981.9921875
2950.7734375
2953.234375
2955.6796875
2994.90625
2959.9296875
2996.65234375
2965.0625
2967.94140625
3048.7734375
3048.7734375
3048.7734375
3048.7734375
3048.7734375
3048.7734375
3048.7734375
3052.44921875
3065.25
3076.35546875
3087.03515625
3038.390625
3088.8671875
3088.8671875
3088.8671875
3088.8671875
3000.0703125
3100.2890625
3106.29296875
3106.29296875
3107.2421875
3107.2421875
3107.2421875
3107.234375
3108.18359375
3108.18359375
3108.18359375
3108.18359375
3108.18359375
3108.18359375
3108.18359375
3110.08984375
3110.08984375
3110.08984375
3110.08984375
3110.08984375
3110.08984375
3110.08984375
3110.08984375
3110.08984375
3110.08984375
3110.08984375
3110.08984375
3110.08984375
3110.08984375
3110.08984375
3110.08984375
3110.08984375
3110.08984375
3113.69140625
3113.69140625
3113.69140625
3113.69140625
3113.69140625
3116.8984375
3122.296875
3127.796875
3133.296875
3138.734375
3144.12890625
3149.546875
3154.921875
3160.359375
3165.859375
3171.4140625
3266.05078125
3174.859375
3174.859375
3174.859375
3236.2734375
3171.12890625
3184.06640625
3190.0703125
3195.578125
3199.58203125
3203.58203125
3211.58203125
3211.58203125
3216.54296875
3227.58203125
3227.58203125
3227.58203125
3227.58203125
3259.58203125
3259.58203125
3259.58203125
3203.73046875
3203.73046875
3203.73046875
3203.73046875
3203.73046875
3203.73046875
3203.73046875
3108.69921875
3118.91796875
3129.796875
3142.09765625
3154.91796875
3167.91796875
3181.015625
3194.23828125
3073.7265625
3023.98046875
3026.953125
3028.6484375
3029.69921875
3030.765625
3031.84765625
3032.8984375
3033.96484375
3035.0234375
3036.078125
3037.1328125
3039.45703125
3039.26171875
3040.3203125
3041.453125
3042.53515625
3043.58203125
3044.75
3048.5234375
3046.984375
3048.08984375
3049.12109375
3050.21875
3051.265625
3052.26953125
3053.375
3054.3671875
3055.4453125
3056.48828125
3057.58203125
3058.55078125
3059.64453125
3060.6953125
3061.84765625
3062.8671875
3064.07421875
3065.19921875
3066.37109375
3067.40234375
3068.48046875
3069.57421875
3070.62890625
3071.5859375
3072.62890625
3073.6015625
3074.703125
3075.79296875
3076.76953125
3077.6328125
3078.71484375
3079.6640625
3080.73828125
3081.79296875
3082.7890625
3101.26171875
3084.88671875
3085.91015625
3087.04296875
3088.16015625
3089.24609375
3090.2578125
3091.171875
3092.30859375
3093.4296875
3094.484375
3095.62109375
3096.78515625
3119.73046875
3098.91015625
3099.79296875
3100.921875
3102.078125
3103.12109375
3104.28125
3105.5078125
3106.62890625
3107.6796875
3108.5390625
3109.6875
3110.796875
3111.9375
3112.9453125
3114.1015625
3115.2421875
3116.375
3117.52734375
3118.5234375
3119.31640625
3120.46875
3121.5703125
3122.7421875
3123.69140625
3124.66015625
3125.82421875
3126.9921875
3128.1484375
3129.28515625
3130.24609375
3131.0
3132.1015625
3133.26953125
3134.40625
3135.5
3136.4453125
3137.60546875
3138.7578125
3139.91796875
3141.01953125
3142.15625
3143.078125
3143.796875
3144.93359375
3146.078125
3147.23046875
3148.37890625
3149.5234375
3150.46484375
3151.58984375
3152.7265625
3153.8515625
3155.0
3156.11328125
3157.2578125
3158.1640625
3158.8671875
3159.9765625
3161.1015625
3162.23828125
3163.36328125
3164.4765625
3165.546875
3166.4375
3167.5859375
3168.69921875
3169.85546875
3170.98046875
3172.12109375
3173.25390625
3174.37109375
3174.98046875
3175.8671875
3177.03125
3178.2578125
3179.43359375
3180.62890625
3181.82421875
3183.03125
3184.21484375
3185.09375
3186.23828125
3187.38671875
3188.51953125
3189.6953125
3190.82421875
3191.953125
3193.09765625
3193.65625
3194.52734375
3195.6484375
3196.765625
3197.91015625
3199.05859375
3200.1953125
3201.37109375
3202.51953125
3203.640625
3204.79296875
3205.625
3206.75
3207.90625
3209.0546875
3210.19140625
3211.33984375
3212.5
3213.65234375
3319.1640625
3215.24609375
3216.07421875
3217.21484375
3218.3515625
3219.4765625
3220.625
3221.73828125
3222.58984375
3223.68359375
3224.796875
3225.93359375
3227.13671875
3227.94921875
3229.08203125
3230.22265625
3231.30078125
3232.28515625
3233.41015625
3234.5546875
3235.6953125
3236.8203125
3237.921875
3238.3515625
3240.2890625
3241.35546875
3242.0546875
3243.10546875
3244.15234375
3245.2109375
3246.24609375
3247.3515625
3248.41015625
3249.484375
3250.56640625
3251.64453125
3252.703125
3253.671875
3254.8203125
3255.56640625
3256.71875
3257.8828125
3259.046875
3260.1875
3261.3125
3262.44921875
3263.625
3264.8125
3389.78515625
3266.30859375
3267.48046875
3268.6015625
3269.32421875
3270.484375
3271.58984375
3272.72265625
3273.8671875
3275.05078125
3276.078125
3277.25
3278.37890625
3279.53515625
3280.6875
3281.796875
3282.90234375
3284.07421875
3284.796875
3285.9375
3287.06640625
3288.23046875
3289.39453125
3290.5234375
3291.67578125
3292.828125
3293.94921875
3295.11328125
3295.41796875
3296.58203125
3297.78515625
3298.93359375
3300.10546875
3300.8515625
3302.00390625
3303.12890625
3304.234375
3305.3828125
3306.5390625
3307.67578125
3308.83203125
3310.01953125
3311.15625
3309.62890625
3309.62890625
3309.62890625
3309.62890625
3309.62890625
3309.62890625
3309.62890625
3309.62890625
3309.62890625
3309.62890625
3309.62890625
3309.62890625
3309.62890625
3309.62890625
3309.62890625
3309.62890625
3320.1328125
3345.8359375
3371.22265625
3396.80859375
3404.67578125
3355.72265625
3404.67578125
3404.67578125
3404.67578125
3404.67578125
3404.67578125
3404.67578125
3404.67578125
3404.67578125
3404.67578125
3404.67578125
3393.91796875
3393.91796875
3412.02734375
3544.30078125
3547.19140625
3550.0546875
3552.890625
3348.66796875
3277.75390625
2754.62109375
