2754.62109375
2754.62109375
2793.26953125
2802.8125
2799.75
2769.59375
2772.171875
2776.73828125
2783.04296875
2784.4140625
2785.796875
2787.15625
2788.515625
2799.6484375
2800.96484375
2802.32421875
2803.73828125
2805.11328125
2806.40234375
2807.86328125
2809.20703125
2810.4921875
2811.8828125
2813.1875
2814.53125
2815.8125
2836.64453125
2838.0703125
2839.4765625
2840.79296875
2842.19921875
2843.578125
2844.87109375
2846.21484375
2847.66015625
2848.81640625
2853.40625
2851.55078125
2852.89453125
2854.17578125
2868.421875
2856.9296875
2858.33203125
2859.4375
2860.83203125
2862.02734375
2863.34765625
2864.6640625
2865.6484375
2866.96875
2868.34375
2869.58203125
2870.8984375
2896.765625
2873.12109375
2874.390625
2875.75
2876.8359375
2878.2109375
2879.58203125
2881.80859375
2961.3515625
2922.203125
2923.625
2924.98046875
2926.26171875
2927.7265625
2958.77734375
2930.08984375
2931.54296875
2933.01171875
2934.46484375
2935.69140625
2937.1015625
2938.49609375
2939.52734375
2940.77734375
2941.90625
2943.3359375
2944.73046875
2956.27734375
2947.3203125
2948.7265625
2950.3515625
2952.375
2954.80859375
2957.90234375
2960.65625
2963.60546875
2966.55859375
2969.1015625
2972.03515625
2974.984375
3019.59375
2979.54296875
3006.45703125
2984.8203125
2987.65625
2990.58203125
2993.44140625
2996.29296875
2998.6484375
3001.375
3004.296875
3021.3828125
3008.828125
3011.640625
3013.8359375
3016.7109375
3019.54296875
3022.24609375
3025.11328125
3027.89453125
3030.04296875
3032.76953125
3035.40234375
3038.17578125
3039.75
3042.55078125
3045.234375
3047.44921875
3050.14453125
3052.83984375
3055.453125
3058.17578125
3060.8046875
3063.46484375
3086.390625
3068.12109375
3070.65625
3073.33984375
3177.30078125
3077.23046875
3079.92578125
3082.453125
3139.640625
3086.95703125
3089.5859375
3092.125
3094.6875
3097.421875
3099.94921875
3102.54296875
3144.33203125
3107.01171875
3109.51953125
3112.125
3173.609375
3115.84765625
3118.47265625
3120.97265625
3123.40625
3130.21484375
3127.77734375
3130.28125
3132.828125
3135.39453125
3137.9921875
3140.44140625
3143.07421875
3145.6328125
3149.82421875
3308.23828125
3228.5390625
3231.1171875
3233.72265625
3236.34765625
3237.58203125
3240.11328125
3242.671875
3245.32421875
3248.015625
3250.64453125
3252.43359375
3254.7578125
3257.3671875
3259.72265625
3262.078125
3264.671875
3267.328125
3269.9765625
3272.5859375
3275.13671875
3276.86328125
3279.41015625
3281.96484375
3284.52734375
3285.4296875
3287.8203125
3290.328125
3292.921875
3295.4921875
3297.9453125
3300.515625
3302.03515625
3304.67578125
3307.2109375
3309.82421875
3312.52734375
3314.953125
3317.46484375
3319.9921875
3322.515625
3325.05859375
3327.40625
3383.4375
3331.03125
3333.3671875
3335.671875
3464.66796875
3338.59765625
3341.0234375
3343.37109375
3345.53515625
3347.7734375
3350.97265625
3353.296875
3355.4609375
3358.02734375
3359.4921875
3362.08984375
3364.4609375
3366.99609375
3369.58203125
3371.921875
3374.32421875
3376.875
3379.46484375
3381.87890625
3384.3515625
3386.84765625
3474.90625
3390.6640625
3393.1875
3424.1953125
3396.0390625
3398.46484375
3400.984375
3403.50390625
3405.93359375
3408.359375
3410.94140625
3413.38671875
3415.765625
3418.23046875
3467.49609375
3421.9765625
3424.33203125
3426.85546875
3429.27734375
3431.67578125
3434.0
3436.375
3438.80859375
3441.1953125
3443.50390625
3445.93359375
3448.45703125
3450.98828125
3453.41796875
3454.6796875
3457.125
3504.2109375
3459.83203125
3462.140625
3464.5625
3467.0546875
3469.3984375
3471.87890625
3474.3046875
3476.7109375
3479.03515625
3481.4609375
3483.81640625
3486.078125
3488.46484375
3489.30859375
3491.703125
3493.99609375
3496.37890625
3498.70703125
3501.01171875
3503.28125
3505.640625
3507.90625
3510.1640625
3512.5078125
3514.8203125
3517.23828125
3519.56640625
3521.84375
3524.12109375
3632.4609375
3527.5859375
3575.453125
3529.70703125
3532.015625
3534.33203125
3536.6328125
3538.9375
3541.296875
3543.65234375
3545.91015625
3548.25390625
3550.453125
3552.78125
3555.08984375
3557.45703125
3559.703125
3562.0703125
3564.40625
3565.296875
3567.59765625
3569.7890625
3572.0703125
3574.328125
3576.6953125
3579.03515625
3581.4453125
3583.77734375
3586.0859375
3588.375
3590.80078125
3593.09765625
3595.3125
3597.58984375
3599.984375
3602.0703125
3604.43359375
3660.73046875
3632.55078125
3790.53125
3609.19140625
3611.46484375
3613.6484375
3615.91015625
3618.12890625
3620.44140625
3622.65625
3625.01953125
3627.265625
3629.390625
3631.6328125
3633.75
3635.921875
3638.0546875
3640.25
3642.54296875
3644.76953125
3647.0078125
3760.93359375
3649.9140625
3652.0859375
3654.26171875
3656.30859375
3658.58203125
3660.7890625
3663.11328125
3665.25
3667.48828125
3669.71875
3671.84375
3674.0546875
3676.28125
3678.3046875
3680.43359375
3682.4765625
3684.55078125
3686.62109375
3688.62890625
3690.6328125
3692.7578125
3940.19140625
3743.9609375
3694.78515625
3696.9296875
3698.62890625
3700.76171875
3702.96484375
3705.453125
3707.671875
3709.9609375
3712.14453125
3714.48046875
3716.6328125
3718.88671875
3721.02734375
3723.25390625
3725.53125
3727.78515625
3729.93359375
3732.15234375
3734.41015625
3736.5625
3738.64453125
3740.90234375
3741.546875
3743.72265625
3745.9296875
3748.10546875
3750.42578125
3752.47265625
3754.66796875
3756.7734375
3758.953125
3761.14453125
3763.33203125
3765.48828125
3767.6484375
3769.9140625
3772.1875
3774.48046875
3776.60546875
3778.734375
3780.9609375
3783.171875
3785.35546875
3787.62109375
4057.109375
3788.71875
3790.9453125
3801.6484375
3793.56640625
3795.6171875
3797.8203125
3799.89453125
3802.14453125
3804.3515625
3806.453125
3808.66015625
3810.8359375
3812.9375
3815.11328125
3817.21484375
3819.35546875
3821.66796875
3823.79296875
3825.953125
3828.23046875
3830.3359375
3832.43359375
3834.59375
3836.82421875
3838.8515625
3840.9453125
3843.1015625
3975.421875
3845.65234375
3847.83984375
3850.0
3852.0546875
3854.14453125
3856.234375
3858.328125
3860.46484375
3862.58984375
3864.71875
3866.8359375
3868.984375
3871.3359375
3873.4296875
3875.52734375
3877.64453125
3879.75390625
3881.80078125
3883.95703125
3955.93359375
4205.4921875
4205.4921875
4045.48828125
4047.7265625
4049.86328125
4052.0546875
4232.75390625
4353.73046875
4054.37109375
4056.19140625
4302.0078125
4372.47265625
4372.47265625
4372.47265625
4372.47265625
4372.47265625
4372.47265625
4372.47265625
4372.47265625
4372.47265625
4372.47265625
4372.47265625
4372.47265625
4372.47265625
4372.47265625
4372.47265625
4372.47265625
4372.47265625
4372.47265625
4372.47265625
4372.47265625
4372.47265625
4372.47265625
4372.47265625
4372.47265625
4372.47265625
4372.47265625
4372.47265625
4372.47265625
4372.47265625
4372.47265625
4372.47265625
4372.47265625
4372.47265625
4372.47265625
4372.47265625
4372.47265625
4372.47265625
4381.90234375
4393.921875
4405.7109375
4416.57421875
4427.0078125
4437.5546875
4448.1875
4458.5
4467.95703125
4476.32421875
4484.84765625
4493.55078125
4501.90234375
4510.9140625
4520.3125
4529.49609375
4538.0703125
4547.046875
4555.76171875
4564.484375
4572.4921875
4572.4921875
4572.4921875
4572.4921875
4569.22265625
4334.0078125
4572.4921875
4572.4921875
4572.4921875
4572.4921875
4572.4921875
4572.4921875
4572.4921875
4572.4921875
4572.4921875
4572.4921875
4572.4921875
4572.4921875
4572.4921875
4572.4921875
4572.4921875
4572.4921875
4572.4921875
4572.4921875
4572.4921875
4572.4921875
4572.4921875
4372.54296875
4063.421875
4161.546875
4267.6328125
4370.50390625
4444.76171875
4444.76171875
4444.76171875
4444.76171875
4446.109375
4446.109375
4446.109375
4446.109375
4446.109375
4447.453125
4447.453125
4447.453125
4447.453125
4447.453125
4447.453125
4447.453125
4447.453125
4447.453125
4447.453125
4447.453125
4447.453125
4450.140625
4450.140625
4450.140625
4450.140625
4450.140625
4450.140625
4450.140625
4450.140625
4450.140625
4450.140625
4450.140625
4450.140625
4450.140625
4450.140625
4450.140625
4450.140625
4450.140625
4450.140625
4450.140625
4450.140625
4450.140625
4450.140625
4450.140625
4450.140625
4450.140625
4450.140625
4450.140625
4455.515625
4455.515625
4455.515625
4455.515625
4455.515625
4455.515625
4455.515625
4455.515625
4455.515625
4455.515625
4455.515625
4455.515625
4455.515625
4455.515625
4455.515625
4455.515625
4455.515625
4455.515625
4455.515625
4455.515625
4455.515625
4455.515625
4455.515625
4455.515625
4455.515625
4455.515625
4455.515625
4455.515625
4455.515625
4455.515625
4455.515625
4455.515625
4455.515625
4455.515625
4455.515625
4455.515625
4455.515625
4455.515625
4455.515625
4455.515625
4455.515625
4455.515625
4455.515625
4455.515625
4455.515625
4455.515625
4455.515625
4455.515625
4455.515625
4455.515625
4455.515625
4455.515625
4455.515625
4455.515625
4455.515625
4455.515625
4455.515625
4455.515625
4455.515625
4455.515625
4466.2421875
4466.2421875
4466.2421875
4466.2421875
4466.2421875
4466.2421875
4466.2421875
4466.2421875
4466.2421875
4466.2421875
4466.2421875
4466.2421875
4466.2421875
4466.2421875
4466.2421875
4467.43359375
4472.25390625
4476.94140625
4481.69140625
4486.53125
4491.19140625
4495.75390625
4500.87890625
4506.12890625
4511.37890625
4516.50390625
4521.7734375
4526.94140625
4532.00390625
4537.00390625
4542.19140625
4547.55859375
4552.77734375
4557.94140625
4563.12890625
4568.26953125
4573.62890625
4578.62890625
4583.62890625
4588.75390625
4593.765625
4598.87890625
4603.7890625
4608.94140625
4614.0390625
4619.12890625
4624.046875
4629.0390625
4634.87890625
4639.94140625
4794.3046875
5041.66796875
5128.6953125
5202.78515625
4778.9375
4641.62890625
4641.62890625
4641.62890625
4641.62890625
4641.62890625
4641.62890625
4641.62890625
4641.62890625
4641.62890625
4641.62890625
4446.4140625
4692.0
4856.92578125
4856.92578125
4856.92578125
4856.92578125
4856.92578125
4503.68359375
4503.68359375
4503.68359375
4503.68359375
4546.1484375
4532.45703125
4538.546875
4544.5078125
4550.72265625
4556.8125
4562.796875
4568.03125
4571.84375
4573.84375
4573.84375
4577.84375
4580.09375
4590.09375
4592.09375
4593.84375
4611.09375
4612.59375
4613.87109375
4615.09375
4616.09375
4660.8203125
4649.53125
4650.34375
4650.96875
4651.59375
4652.03125
4652.46875
4652.84375
4653.09375
4653.34375
4775.65234375
4717.53125
4717.71875
4717.78125
4717.84375
4717.89453125
4717.96875
4717.96875
4717.96875
4717.96875
4717.96875
4717.96875
4717.96875
4717.96875
4331.75390625
4533.2734375
4824.37109375
4862.34765625
4862.41796875
4862.48828125
4862.55859375
4862.62890625
4862.69921875
4862.76953125
4862.8359375
4862.90625
4862.9765625
4863.046875
4863.1171875
4863.1875
4863.2578125
4863.32421875
4863.3984375
4863.46875
4863.5390625
4863.60546875
4863.6796875
4863.75390625
4863.8203125
4863.890625
4863.95703125
4864.03125
4864.1015625
4864.171875
4864.2421875
4864.3125
4864.38671875
4864.45703125
4864.52734375
4864.59765625
4864.66796875
4864.73828125
4864.80859375
4864.8828125
4864.94921875
4865.0234375
4865.09375
4865.16796875
4865.234375
4865.30078125
4865.37109375
4865.4296875
4865.48828125
4865.55078125
4865.609375
4865.67578125
4865.7421875
4865.8046875
4865.8671875
4865.93359375
4865.99609375
4866.0546875
4644.625
4416.61328125
4424.2890625
4432.69921875
4441.28125
4449.96484375
4458.3203125
4467.09765625
4475.5078125
4484.1015625
4492.4453125
4501.13671875
4509.71484375
4518.34375
4526.51953125
4535.06640625
4543.65234375
4552.359375
4560.24609375
4568.74609375
4576.57421875
4584.1171875
4592.3828125
4600.83984375
4609.2890625
4617.85546875
4626.15234375
4634.81640625
4643.23046875
4652.00390625
4660.1484375
4668.43359375
4677.2734375
4685.98828125
4694.40234375
4703.0078125
4711.55859375
4720.1875
4728.2265625
4736.89453125
4745.1796875
4753.6875
4762.1484375
4770.51953125
4779.0390625
4787.46484375
4795.65625
4804.26953125
4812.76171875
4821.24609375
4829.6015625
4837.98046875
4846.55078125
4855.12890625
4863.4453125
4871.9765625
4880.34765625
4888.76171875
4896.7421875
4905.4609375
4914.07421875
4922.33203125
4930.7578125
4939.39453125
4947.8203125
4786.9453125
4158.59375
4160.8828125
4162.546875
4163.7265625
4164.8828125
4166.06640625
4167.21875
4168.4140625
4169.57421875
4170.74609375
4171.92578125
4173.05078125
4174.14453125
4175.3828125
4176.55859375
4177.7421875
4178.91015625
4185.62890625
4181.25390625
4182.4296875
4183.5625
4184.76953125
4185.83984375
4187.08203125
4188.30859375
4189.40234375
4190.6640625
4191.8046875
4192.84765625
4194.1015625
4195.296875
4196.375
4197.546875
4198.80078125
4199.99609375
4201.1171875
4202.27734375
4203.54296875
4204.71484375
4205.97265625
4207.00390625
4208.1484375
4209.4296875
4210.609375
4230.06640625
4212.8984375
4214.03515625
4215.265625
4216.48046875
4217.6171875
4218.640625
4219.8671875
4221.02734375
4222.29296875
4223.31640625
4224.4140625
4250.87109375
4226.6640625
4240.65234375
4228.9609375
4230.203125
4231.43359375
4232.5
4251.67578125
4234.76171875
4236.03125
4237.171875
4238.48046875
4239.72265625
4240.9140625
4241.99609375
4298.35546875
4244.1015625
4200.078125
4108.61328125
4106.13671875
4107.25390625
4108.515625
4109.7734375
4111.02734375
4130.52734375
4113.34375
4114.17578125
4115.31640625
4116.46484375
4117.609375
4118.55859375
4119.75390625
4120.9140625
4122.0859375
4123.2265625
4124.19921875
4139.16796875
4126.24609375
4127.3515625
4128.55859375
4129.78515625
4130.81640625
4132.05859375
4133.3046875
4134.546875
4135.76171875
4136.9921875
4138.02734375
4138.8125
4140.0859375
4141.31640625
4142.5625
4143.81640625
4144.80859375
4146.04296875
4147.296875
4148.53515625
4149.77734375
4151.03515625
4152.2890625
4153.2578125
4154.04296875
4155.296875
4156.5546875
4157.78515625
4159.02734375
4160.28125
4161.27734375
4162.51953125
4163.7890625
4165.06640625
4166.328125
4167.5390625
4168.80078125
4169.74609375
4170.4453125
4171.6953125
4173.01171875
4174.30078125
4175.578125
4176.86328125
4178.15234375
4179.140625
4180.37890625
4181.64453125
4182.87890625
4184.1640625
4185.41796875
4186.67578125
4187.92578125
4231.17578125
4189.51953125
4190.765625
4191.99609375
4193.2578125
4194.46484375
4195.734375
4197.0
4198.02734375
4199.25
4200.1875
4201.453125
4202.71484375
4203.93359375
4205.2109375
4206.48046875
4207.734375
4208.9765625
4336.1796875
4267.3515625
4213.1484375
4214.37890625
4215.66015625
4216.90234375
4218.16796875
4219.39453125
4220.671875
4221.9375
4223.16796875
4224.015625
4225.3046875
4226.6015625
4227.8203125
4229.078125
4230.34375
4231.59375
4232.8359375
4234.09375
4360.1171875
4235.86328125
4236.7265625
4237.9921875
4239.2734375
4240.53515625
4241.74609375
4242.9140625
4244.18359375
4245.45703125
4246.71484375
4247.91796875
4249.20703125
4250.0390625
4251.2734375
4252.52734375
4253.77734375
4255.01171875
4256.24609375
4257.5078125
4258.76953125
4260.875
4262.1484375
4262.53125
4263.76953125
4265.015625
4265.83984375
4267.05078125
4268.31640625
4269.5859375
4270.80078125
4272.0546875
4273.33203125
4274.61328125
4275.80078125
4277.04296875
4278.26953125
4279.5
4362.2265625
4281.48046875
4282.78125
4284.0390625
4285.2890625
4286.60546875
4287.87890625
4289.16796875
4290.42578125
4291.6796875
4422.41015625
4293.29296875
4294.58203125
4295.87890625
4296.66796875
4297.98046875
4299.26171875
4300.5859375
4301.890625
4303.0859375
4304.1953125
4305.34375
4306.55859375
4307.71875
4308.95703125
4310.24609375
4311.5
4312.70703125
4384.171875
4314.625
4315.8359375
4316.91796875
4318.015625
4319.296875
4320.5546875
4321.8125
4323.0703125
4324.328125
4325.5859375
4444.0078125
4326.953125
4328.1875
4329.43359375
4330.7109375
4335.16015625
4332.6640625
4333.91015625
4335.16015625
4336.40625
4337.62109375
4338.91015625
4340.1484375
4338.5859375
4338.5859375
4338.5859375
4338.5859375
4338.5859375
4338.5859375
4338.5859375
4338.5859375
4338.5859375
4338.5859375
4338.5859375
4338.5859375
4338.5859375
4338.5859375
4338.5859375
4338.5859375
4338.5859375
4338.5859375
4338.5859375
4338.5859375
4338.5859375
4356.37109375
4376.546875
4396.0390625
4416.0625
4435.42578125
4444.625
4444.625
4430.25390625
4444.625
4444.625
4444.625
4444.625
4444.625
4444.625
4444.625
4444.625
4444.625
4444.625
4444.625
4340.97265625
4392.953125
4618.734375
4771.83984375
4771.83984375
4771.83984375
4771.83984375
4771.83984375
4771.83984375
4771.83984375
4771.83984375
4771.83984375
4456.3828125
4548.78125
4648.83203125
4708.46484375
4710.61328125
4712.66015625
4714.859375
4716.9921875
4455.08203125
4437.1171875
4437.1171875
4296.11328125
4036.36328125
3092.78125
2749.69921875
