2441.73828125
2441.796875
2467.61328125
2477.1796875
2507.93359375
2542.10546875
2574.6796875
2578.75
2578.78515625
2578.8046875
2578.84375
2578.86328125
2578.8828125
2578.90625
2578.921875
2578.93359375
2578.9375
2578.953125
2578.96875
2578.984375
2579.02734375
2579.05859375
2594.30859375
2594.48046875
2594.5390625
2594.6328125
2609.37109375
2622.12109375
2571.41796875
2542.99609375
2542.0390625
2537.81640625
2538.7890625
2536.12890625
2536.14453125
2536.64453125
2537.41015625
2535.2734375
2524.8515625
2524.890625
2524.90625
2524.921875
2523.33984375
2523.76953125
2523.32421875
2524.46875
2525.5703125
2526.57421875
2527.37109375
2516.48828125
2517.671875
2518.84375
2519.89453125
2521.02734375
2522.21484375
2523.37109375
2524.546875
2525.25390625
2526.3125
2517.94140625
2518.7109375
2519.5
2520.02734375
2518.984375
2520.14453125
2520.17578125
2520.47265625
2521.26171875
2522.125
2523.18359375
2523.96875
2524.90625
2525.77734375
2526.8046875
2527.82421875
2528.87890625
2529.90234375
2530.859375
2531.6640625
2532.53515625
2475.11328125
2475.4921875
2475.8515625
2476.2109375
2476.60546875
2477.01171875
2477.40625
2477.8125
2478.21484375
2478.48828125
2478.88671875
2483.046875
2476.23828125
2476.56640625
2476.96484375
2477.3359375
2477.6328125
2477.89453125
2478.21875
2478.5390625
2478.78515625
2479.1484375
2479.5078125
2479.83203125
2480.14453125
2480.5234375
2480.90234375
2481.26953125
2481.59375
2481.91796875
2482.203125
2482.48828125
2482.82421875
2483.14453125
2483.4609375
2483.76171875
2483.9921875
2484.2734375
2484.546875
2484.8359375
2485.0859375
2485.23046875
2485.515625
2485.59765625
2485.8046875
2486.19140625
2486.5390625
2486.84375
2487.2265625
2487.609375
2487.984375
2488.328125
2488.6953125
2489.015625
2489.3359375
2489.73046875
2490.0
2491.11328125
2492.0234375
2492.90625
2493.85546875
2494.72265625
2495.55859375
2480.92578125
2481.984375
2482.8984375
2484.05859375
2485.04296875
2500.73828125
2525.66796875
2560.8125
2560.8125
2560.8125
2560.8125
2560.8125
2560.8125
2560.8125
2566.39453125
2573.8671875
2579.421875
2586.98828125
2595.25
2599.421875
2610.01953125
2636.1953125
2636.1953125
2636.1953125
2636.1953125
2636.1953125
2597.59765625
2597.6328125
2597.640625
2598.1328125
2599.1171875
2599.1171875
2599.1171875
2599.1171875
2600.78125
2600.78125
2600.78125
2600.78125
2600.78125
2600.78125
2600.78125
2600.78125
2600.78125
2600.78125
2600.78125
2600.78125
2604.64453125
2604.64453125
2604.64453125
2608.546875
2608.55078125
2608.5546875
2608.5546875
2608.5546875
2608.5625
2608.5625
2608.5625
2608.56640625
2657.73046875
2685.7890625
2685.7890625
2685.7890625
2685.7890625
2685.7890625
2704.3828125
2706.11328125
2708.44140625
2710.16796875
2710.16796875
2710.16796875
2710.16796875
2718.171875
2718.171875
2734.171875
2734.171875
2734.171875
2734.171875
2744.859375
2744.859375
2744.859375
2744.859375
2745.76171875
2751.45703125
2757.2109375
2762.90625
2768.72265625
2774.2578125
2779.79296875
2732.63671875
2732.7421875
2781.12890625
2803.1953125
2790.48828125
2790.48828125
2790.48828125
2781.703125
2780.70703125
2779.89453125
2779.1796875
2779.39453125
2778.515625
2777.921875
2778.82421875
2779.42578125
2777.23828125
2776.1796875
2776.359375
2776.375
2776.93359375
2777.52734375
2778.16796875
2778.796875
2779.375
2780.015625
2780.63671875
2781.26171875
2781.97265625
2782.81640625
2783.3984375
2784.0
2784.6484375
2785.3671875
2768.0078125
2764.7421875
2765.046875
2765.57421875
2766.36328125
2767.24609375
2768.125
2768.96875
2769.7890625
2770.62109375
2771.48828125
2772.34375
2773.25390625
2774.11328125
2775.02734375
2775.9609375
2776.91796875
2777.8515625
2778.78125
2774.7890625
2775.78515625
2776.765625
2777.72265625
2778.66015625
2779.62890625
2778.3828125
2779.37890625
2780.34375
2781.296875
2782.21484375
2782.78125
2783.57421875
2784.28125
2785.21484375
2786.14453125
2763.57421875
2764.4609375
2765.41796875
2748.40234375
2748.984375
2749.5546875
2750.15234375
2750.765625
2751.3671875
2751.96875
2752.4296875
2752.734375
2749.36328125
2749.7734375
2750.1953125
2750.61328125
2750.8671875
2751.234375
2751.66796875
2752.26953125
2752.84765625
2753.29296875
2753.8203125
2754.4140625
2755.0078125
2755.76953125
2756.359375
2756.82421875
2719.44140625
2719.94921875
2720.40234375
2720.9765625
2721.5703125
2722.13671875
2722.7421875
2723.28125
2723.875
2724.5
2725.09375
2725.6953125
2726.31640625
2726.97265625
2727.6171875
2728.234375
2728.84765625
2729.46875
2730.109375
2730.7265625
2731.31640625
2731.90625
2732.3359375
2732.8515625
2733.3828125
2733.9296875
2734.46484375
2735.03515625
2735.609375
2736.2265625
2736.8359375
2737.4296875
2738.03515625
2738.6171875
2739.21875
2739.81640625
2740.43359375
2740.99609375
2741.55859375
2742.09765625
2742.6796875
2743.2421875
2744.0703125
2744.8984375
2745.73046875
2746.5390625
2747.33984375
2748.1953125
2749.05859375
2749.9609375
2750.921875
2751.82421875
2752.70703125
2753.6328125
2754.546875
2755.48828125
2694.71875
2695.3203125
2695.9453125
2696.5703125
2697.17578125
2697.78515625
2698.40234375
2698.99609375
2699.60546875
2700.19921875
2700.8359375
2701.4296875
2702.05859375
2702.69140625
2703.3203125
2703.91796875
2704.47265625
2705.11328125
2705.703125
2706.27734375
2706.828125
2707.37890625
2707.9296875
2708.46484375
2709.0625
2709.65234375
2710.203125
2710.796875
2711.42578125
2712.02734375
2712.6640625
2713.29296875
2713.921875
2714.55859375
2715.15234375
2715.73046875
2716.34375
2716.98046875
2717.61328125
2718.24609375
2718.890625
2719.4921875
2720.10546875
2720.71875
2721.31640625
2721.83984375
2722.375
2722.91015625
2723.48046875
2724.04296875
2724.63671875
2725.20703125
2725.76953125
2726.359375
2726.9765625
2727.58203125
2728.21875
2728.8203125
2729.46484375
2730.109375
2730.72265625
2731.34765625
2731.96484375
2732.5703125
2733.1484375
2733.6953125
2734.2890625
2734.92578125
2735.5546875
2736.18359375
2736.82421875
2737.43359375
2738.0078125
2738.5390625
2739.09375
2739.6171875
2740.18359375
2740.7265625
2741.30078125
2741.89453125
2742.51953125
2743.12109375
2743.7265625
2744.36328125
2744.97265625
2745.59375
2746.2265625
2744.71875
2745.3125
2745.921875
2746.5390625
2747.171875
2747.8046875
2739.0625
2739.67578125
2740.29296875
2740.92578125
2741.57421875
2742.21484375
2742.83984375
2743.46875
2734.1171875
2734.6953125
2735.21484375
2735.73828125
2736.3125
2736.91796875
2737.53125
2738.14453125
2738.7890625
2730.53125
2731.1640625
2731.75
2732.359375
2732.9609375
2733.578125
2734.24609375
2734.828125
2735.3671875
2735.921875
2736.48828125
2737.0546875
2737.62109375
2738.18359375
2700.65234375
2701.5078125
2702.30859375
2703.09765625
2703.9140625
2704.72265625
2705.48828125
2706.23828125
2707.03125
2707.84375
2708.12890625
2706.5078125
2707.39453125
2698.55859375
2699.44140625
2700.37890625
2701.3203125
2694.96484375
2608.66015625
2608.78515625
2609.42578125
2610.2109375
2611.06640625
2611.97265625
2612.87109375
2613.7578125
2480.58984375
2481.140625
2481.3515625
2481.53125
2481.9375
2482.65625
2483.42578125
2483.81640625
2484.4609375
2484.7109375
2484.76953125
2485.2109375
2485.58984375
2486.21484375
2486.91796875
2487.6171875
2488.390625
2489.13671875
2489.8984375
2480.80078125
2481.57421875
2482.25390625
2483.0546875
2483.8203125
2484.6171875
2485.4140625
2486.22265625
2487.0234375
2487.78125
2488.51953125
2489.28125
2489.34375
2489.875
2490.42578125
2484.01953125
2484.81640625
2485.63671875
2486.4453125
2487.2734375
2488.12109375
2488.8828125
2489.62109375
2490.421875
2491.20703125
2491.99609375
2492.79296875
2487.4375
2488.2265625
2488.97265625
2489.75
2490.58203125
2491.390625
2492.203125
2493.01171875
2493.8046875
2494.671875
2495.49609375
2496.328125
2497.16015625
2495.0703125
2495.8984375
2496.73046875
2497.546875
2498.39453125
2499.21484375
2500.01953125
2498.8203125
2499.65234375
2500.44921875
2501.23046875
2499.6875
2500.4765625
2499.25390625
2500.05859375
2500.78125
2499.21484375
2500.0
2496.94921875
2497.546875
2498.19140625
2498.8046875
2499.42578125
2500.19140625
2494.51953125
2495.3984375
2496.27734375
2497.13671875
2497.97265625
2498.7734375
2499.609375
2500.453125
2501.296875
2502.1484375
2503.0
2503.8125
2504.6640625
2496.4296875
2497.265625
2498.06640625
2498.89453125
2499.703125
2500.46484375
2501.25
2501.99609375
2502.82421875
2503.6796875
2504.50390625
2505.3359375
2506.10546875
2506.9140625
2507.6953125
2508.5078125
2509.26953125
2509.95703125
2510.72265625
2511.55078125
2512.37109375
2503.40625
2504.23046875
2505.05859375
2505.875
2506.703125
2507.53515625
2508.36328125
2509.21484375
2510.06640625
2510.875
2511.7265625
2512.53125
2513.33984375
2514.1171875
2514.9296875
2515.69140625
2516.45703125
2517.25
2518.05078125
2518.84375
2519.66015625
2520.4609375
2521.25
2522.015625
2522.78125
2523.55859375
2524.3515625
2525.1796875
2526.0
2526.82421875
2527.671875
2528.49609375
2529.33984375
2530.15234375
2530.99609375
2531.828125
2532.58203125
2512.9375
2488.625
2477.9375
2470.65625
2463.82421875
2464.64453125
2465.46875
2466.28125
2467.0703125
2467.83203125
2468.59765625
2463.515625
2464.328125
2465.09375
2465.86328125
2466.68359375
2467.4375
2468.27734375
2462.03515625
2462.8203125
2454.55859375
2455.359375
2456.1484375
2456.9921875
2457.77734375
2458.60546875
2459.40625
2460.19140625
2460.96484375
2461.7265625
2462.50390625
2463.26953125
2464.0625
2464.87109375
2465.6640625
2466.50390625
2467.3359375
2460.17578125
2461.00390625
2461.7734375
2462.58984375
2463.39453125
2464.23046875
2465.04296875
2465.87109375
2466.64453125
2458.0703125
2458.84375
2459.6328125
2460.40234375
2458.08984375
2458.87109375
2459.6640625
2453.484375
2454.25390625
2454.99609375
2455.765625
2456.53125
2449.078125
2449.8359375
2450.6015625
2445.015625
2445.82421875
2446.59765625
2447.3671875
2446.234375
2447.015625
2447.796875
2435.8359375
2436.6328125
2437.4296875
2438.234375
2434.0703125
2434.87890625
2435.7265625
2436.50390625
2437.296875
2435.9140625
2436.69921875
2437.48828125
2436.21875
2428.6796875
2410.73828125
2411.265625
2411.78125
2412.46875
2413.30859375
2414.15234375
2415.0390625
2415.89453125
2416.7890625
2417.66796875
2418.5390625
2419.375
2420.24609375
2421.09765625
2421.9140625
2422.7734375
2423.609375
2424.4375
2425.2421875
2425.80078125
2426.40234375
2426.578125
2427.23828125
2428.046875
2428.8984375
2429.703125
2430.515625
2431.3046875
2432.18359375
2433.0
2433.86328125
2434.70703125
2435.578125
2436.375
2437.25
2438.125
2438.98046875
2439.8359375
2440.703125
2441.5390625
2442.43359375
2443.2890625
2444.171875
2445.01171875
2445.90234375
2446.75390625
2447.6171875
2448.44140625
2449.33203125
2450.17578125
2451.015625
2451.80859375
2452.66015625
2453.44140625
2454.27734375
2455.109375
2455.88671875
2456.6875
2457.4921875
2458.29296875
2459.1484375
2459.82421875
2460.375
2460.88671875
2461.61328125
2462.46875
2463.31640625
2464.1875
2465.078125
2465.91796875
2466.7265625
2467.52734375
2468.31640625
2469.13671875
2469.97265625
2470.80078125
2471.609375
2471.4453125
2472.2265625
2473.078125
2473.9453125
2474.80859375
2475.625
2458.75
2459.44921875
2460.29296875
2461.08984375
2461.953125
2462.7109375
2463.53515625
2464.39453125
2465.26171875
2466.08984375
2466.9765625
2467.79296875
2468.61328125
2469.40625
2470.296875
2471.1484375
2472.00390625
2472.83203125
2473.6875
2474.48828125
2475.33984375
2476.125
2476.98828125
2477.76171875
2478.625
2479.44140625
2480.2734375
2481.109375
2481.91015625
2482.671875
2483.47265625
2484.2421875
2485.01171875
2485.76953125
2486.59375
2487.42578125
2488.26953125
2488.1015625
2488.9140625
2489.66015625
2490.4375
2491.234375
2491.984375
2492.7578125
2493.5859375
2494.37109375
2495.171875
2495.95703125
2496.78515625
2497.59375
2498.3828125
2499.17578125
2499.9296875
2500.69921875
2501.5
2502.2734375
2503.0546875
2503.85546875
2504.640625
2505.26953125
2505.953125
2506.6640625
2507.40625
2508.17578125
2508.97265625
2509.7578125
2510.546875
2511.33203125
2512.1171875
2512.89453125
2513.7109375
2514.51171875
2515.3046875
2516.08984375
2516.85546875
2517.63671875
2518.44921875
2519.234375
2520.01953125
2520.7890625
2521.59375
2522.40234375
2523.19921875
2523.99609375
2524.78515625
2516.18359375
2516.9921875
2517.7421875
2518.5625
2476.046875
2476.8515625
2477.6640625
2478.41015625
2477.40625
2478.19921875
2475.16796875
2475.96484375
2476.765625
2477.5
2478.30078125
2479.11328125
2476.94921875
2477.7734375
2478.62109375
2479.4765625
2473.44921875
2474.27734375
2475.0546875
2475.796875
2476.62890625
2477.47265625
2478.23828125
2479.01171875
2473.34765625
2474.1328125
2474.9453125
2475.75390625
2469.63671875
2470.44921875
2471.2578125
2472.05859375
2472.8203125
2473.62109375
2474.37890625
2469.74609375
2470.51171875
2471.3046875
2472.1015625
2472.91015625
2473.7421875
2469.4609375
2470.26953125
2471.08203125
2471.94921875
2472.7734375
2466.2734375
2467.05859375
2467.84765625
2468.62890625
2469.3828125
2470.18359375
2463.953125
2464.703125
2465.48046875
2466.28125
2467.1015625
2467.9375
2468.81640625
2464.0703125
2464.94140625
2465.76171875
2466.59765625
2467.41796875
2466.69921875
2462.48046875
2463.3515625
2464.1953125
2465.0625
2486.65234375
2579.5546875
2615.625
2615.625
2610.9765625
2610.9765625
2610.9765625
2610.9765625
2610.9765625
2610.9765625
2610.9765625
2610.9765625
2610.9765625
2610.9765625
2610.9765625
2610.9765625
2610.9765625
2610.9765625
2610.9765625
2610.9765625
2610.9765625
2610.9765625
2610.9765625
2610.9765625
2601.859375
2585.96875
2577.71875
2577.71875
2569.4140625
2569.4140625
2569.4140625
2569.4140625
2569.4140625
2569.4140625
2569.4140625
2569.4140625
2569.4140625
2569.4140625
2569.4140625
2571.0390625
2571.11328125
2571.4921875
2570.55859375
2570.203125
2567.50390625
2566.78125
2560.921875
2561.359375
2560.109375
2560.30078125
2560.07421875
2546.94921875
2536.20703125
2535.3359375
2535.0625
2536.1015625
2534.4296875
2525.21875
2513.4296875
2517.5859375
2514.01171875
2509.3515625
2498.57421875
2497.8125
2494.625
2487.7421875
2485.91015625
2482.63671875
2475.390625
2469.046875
2468.3515625
2474.2578125
2471.35546875
2468.0390625
2473.91796875
2480.15625
2475.03125
2475.03125
2062.44921875
2201.8828125
2358.82421875
2509.28515625
2561.09375
2561.1328125
2561.17578125
2561.2265625
2561.27734375
2561.328125
2561.37890625
2561.4296875
2561.48046875
2561.53125
2561.578125
2561.625
2561.671875
2561.71875
2561.76953125
2561.81640625
2561.86328125
2561.9140625
2561.95703125
2561.99609375
2562.03515625
2562.03515625
2562.03515625
2562.03515625
2355.74609375
2493.375
2630.05078125
2661.63671875
2576.01171875
2576.01171875
2576.01171875
2576.01171875
2576.01171875
2579.80078125
2494.5078125
2461.26953125
2416.77734375
2385.75
2477.40234375
2569.44921875
2551.390625
2551.390625
2551.390625
2551.390625
2551.390625
2551.390625
2551.390625
2551.390625
2551.390625
2551.390625
2551.390625
2551.390625
2551.390625
2551.390625
2551.390625
2551.390625
2551.390625
2295.390625
2149.359375
2160.66015625
2172.1171875
2181.96484375
2191.7109375
2201.765625
2211.703125
2220.8671875
2230.06640625
2240.14453125
2250.53125
2261.93359375
2275.92578125
2290.0
2304.65625
2318.453125
2332.33984375
2346.3046875
2360.27734375
2374.8203125
2389.62890625
2403.84765625
2417.5
2431.76953125
2444.55859375
2455.62109375
2465.42578125
2474.828125
2488.7109375
2502.5546875
2516.59375
2529.87890625
2542.16015625
2555.2109375
2568.40234375
2581.41796875
2594.9921875
2608.71484375
2623.2109375
2637.703125
2652.42578125
2666.76953125
2681.546875
2696.23046875
2710.86328125
2725.8046875
2740.93359375
2754.8671875
2347.87890625
2347.96484375
1756.53125
1744.265625
1744.7109375
1742.9765625
1771.6875
1870.46484375
1907.578125
1949.2890625
1966.37890625
1966.609375
1967.87109375
1975.33203125
1982.84765625
1989.25
1995.39453125
2000.98046875
2067.6015625
2133.5234375
2133.8359375
2133.8359375
2133.8359375
2133.8359375
2133.8359375
2133.8359375
2133.8359375
2133.8359375
2133.8359375
2133.8359375
2133.8359375
2133.8359375
2142.40625
2311.34375
2480.5390625
2512.08203125
2512.3203125
2512.54296875
2512.77734375
2513.00390625
2513.234375
2513.47265625
2513.7109375
2513.9375
2514.16796875
2109.26953125
2122.7578125
2135.19140625
2148.92578125
2162.98828125
2177.1796875
2191.65234375
2205.45703125
2219.0390625
2232.046875
2245.13671875
2258.44921875
2271.7734375
2285.34375
2298.75
2312.1484375
2325.37890625
2338.60546875
2351.98828125
2365.21875
2379.046875
2392.15234375
2405.6640625
2419.5
2432.359375
2445.9296875
2460.12109375
2473.95703125
2487.7734375
2500.88671875
2514.17578125
2527.81640625
2541.8125
2555.82421875
2569.8671875
2583.75
2598.22265625
2612.4296875
2626.85546875
2640.7890625
2655.3046875
2669.55859375
2684.25
2697.98828125
2710.9453125
2718.58984375
2718.60546875
2203.29296875
2117.2578125
2117.2578125
2116.2421875
2116.2421875
2116.25
2116.25
2116.25
2123.93359375
2124.296875
2124.296875
2124.296875
2124.296875
2124.296875
2124.296875
2124.296875
2124.296875
2124.296875
2124.296875
2205.62109375
2380.69921875
2531.734375
2531.734375
2531.734375
2531.734375
2531.734375
2531.734375
2531.734375
2531.734375
2531.734375
2531.734375
2120.27734375
2132.9921875
2145.78125
2158.09765625
2171.703125
2185.11328125
2198.88671875
2210.3125
2221.3203125
2232.11328125
2243.43359375
2256.2265625
2270.38671875
2283.56640625
2297.1171875
2310.5078125
2323.63671875
2337.05078125
2350.97265625
2364.2734375
2376.54296875
2389.76171875
2402.9296875
2416.328125
2430.7578125
2445.203125
2459.87890625
2474.58203125
2489.55859375
2504.41015625
2519.08984375
2532.47265625
2545.55078125
2557.8984375
2569.26171875
2582.1171875
2595.44921875
2608.92578125
2621.69140625
2634.07421875
2646.40234375
2659.0390625
2671.43359375
2683.609375
2697.74609375
2711.640625
2726.4765625
2736.11328125
2736.11328125
2125.58984375
2105.17578125
2121.171875
2120.7109375
2121.78515625
2128.45703125
2134.90234375
2141.15625
2149.140625
2155.1953125
2162.43359375
2162.43359375
2162.43359375
2162.43359375
2162.43359375
2162.43359375
2162.43359375
2162.43359375
2162.43359375
2162.43359375
2162.43359375
2162.43359375
2162.43359375
2162.43359375
2162.43359375
2162.43359375
2119.34375
2293.77734375
2467.00390625
2534.98828125
2535.2265625
2535.37890625
2535.51953125
2535.75
2535.984375
2536.1953125
2536.40625
2536.6171875
2536.828125
2537.0390625
2126.28125
2137.9765625
2148.81640625
2159.79296875
2173.19140625
2186.703125
2200.75
2213.84375
2228.0703125
2242.015625
2256.49609375
2270.36328125
2282.78125
2293.703125
2302.25
2314.8203125
2328.06640625
2340.25
2352.8046875
2364.83984375
2376.68359375
2390.3359375
2404.5078125
2419.14453125
2433.859375
2445.88671875
2457.2734375
2466.51953125
2475.26171875
2488.41015625
2500.57421875
2511.828125
2523.44921875
2536.7421875
2552.08203125
2566.796875
2581.19140625
2595.25
2609.48046875
2623.09765625
2636.2109375
2649.03125
2662.37890625
2672.78515625
2682.47265625
2691.87109375
2702.16796875
2716.5390625
2730.453125
2741.50390625
2741.50390625
2155.40625
2118.6875
2131.875
2116.76171875
2116.76171875
2121.15234375
2128.734375
2136.5
2142.93359375
2149.27734375
2156.43359375
2156.53515625
2156.53515625
2156.53515625
2156.53515625
2156.53515625
2156.53515625
2156.53515625
2156.53515625
2156.53515625
2156.53515625
2156.53515625
2156.53515625
2160.828125
2325.64453125
2489.48828125
2538.140625
2538.375
2538.609375
2538.84765625
2539.08203125
2539.3125
2539.55859375
2539.76953125
2539.98828125
2540.20703125
2133.625
2147.51171875
2161.25390625
2173.94921875
2187.85546875
2198.33203125
2207.80078125
2217.15625
2230.67578125
2243.671875
2256.52734375
2270.171875
2283.90625
2297.40625
2311.69140625
2326.18359375
2340.3671875
2354.71875
2367.9765625
2382.5390625
2396.56640625
2410.828125
2424.5546875
2437.78515625
2450.48828125
2462.84765625
2475.0234375
2489.75390625
2503.32421875
2513.9375
2522.42578125
2531.9765625
2543.0078125
2556.38671875
2570.63671875
2585.1953125
2599.62109375
2612.37109375
2621.21875
2628.96484375
2641.59375
2654.32421875
2667.2578125
2680.1875
2693.6953125
2706.5390625
2717.60546875
2730.3203125
2743.03125
2744.62890625
2744.62890625
2130.453125
2138.04296875
2146.51171875
2150.53515625
2150.53515625
2150.53515625
2150.53515625
2150.53515625
2150.53515625
2160.1953125
2160.54296875
2160.54296875
2160.54296875
2160.54296875
2160.54296875
2160.54296875
2160.54296875
2160.54296875
2160.54296875
2160.54296875
2160.54296875
2160.54296875
2160.54296875
2160.54296875
2266.78125
2441.09375
2548.40234375
2548.65234375
2548.8984375
2549.15234375
2549.3984375
2549.62890625
2549.859375
2550.06640625
2550.26953125
2550.4765625
2140.78515625
2154.078125
2168.5859375
2183.1015625
2197.046875
2210.92578125
2224.8828125
2238.578125
2251.82421875
2265.6640625
2278.765625
2292.453125
2306.421875
2320.73046875
2334.625
2348.59375
2362.859375
2377.515625
2391.63671875
2406.3203125
2420.36328125
2433.8828125
2446.859375
2460.12890625
2473.78515625
2487.34765625
2500.99609375
2514.8984375
2529.171875
2543.46484375
2557.80078125
2572.328125
2586.54296875
2601.28515625
2615.609375
2629.73828125
2644.22265625
2658.78125
2673.34765625
2688.125
2702.6796875
2716.4140625
2730.1484375
2743.77734375
2754.95703125
2754.95703125
2631.53515625
2175.73828125
2113.828125
2141.33984375
1550.07421875
1511.28515625
