2559.53515625
2559.53515625
2573.1875
2573.18359375
2573.1875
2573.19140625
2573.19140625
2573.19140625
2573.19140625
2573.1953125
2573.1953125
2573.1953125
2573.19921875
2586.08984375
2590.5859375
2590.203125
2590.203125
2590.203125
2590.203125
2590.20703125
2590.20703125
2591.6484375
2591.6953125
2591.9453125
2591.78515625
2590.8984375
2588.55078125
2589.33984375
2590.26953125
2591.1484375
2585.24609375
2586.15625
2576.078125
2576.08203125
2576.140625
2574.44140625
2574.8125
2575.19921875
2575.59375
2576.55859375
2577.66015625
2578.81640625
2557.7890625
2558.58984375
2559.40234375
2550.453125
2551.22265625
2552.01171875
2552.82421875
2553.58984375
2554.2890625
2555.06640625
2555.859375
2556.64453125
2557.4296875
2558.234375
2559.3203125
2560.421875
2555.2265625
2556.34765625
2557.5078125
2558.71484375
2559.8828125
2561.07421875
2562.2578125
2563.421875
2564.58203125
2565.7421875
2566.9140625
2568.14453125
2569.33984375
2565.58203125
2566.79296875
2528.2578125
2528.65234375
2529.03515625
2529.4140625
2529.8046875
2530.01953125
2490.375
2490.76171875
2491.12109375
2491.484375
2491.8515625
2492.2265625
2492.6015625
2492.98046875
2493.37109375
2493.7578125
2494.15234375
2494.54296875
2494.94140625
2495.33203125
2495.70703125
2496.1015625
2496.5
2496.73828125
2497.1328125
2497.53125
2497.92578125
2498.21875
2498.5546875
2498.90625
2499.25
2499.60546875
2499.9609375
2500.27734375
2500.63671875
2500.96875
2501.16015625
2501.515625
2501.89453125
2502.27734375
2502.63671875
2503.01953125
2503.40625
2503.7890625
2464.21875
2465.3515625
2466.4453125
2429.96484375
2430.71484375
2431.359375
2432.0546875
2432.67578125
2433.33984375
2434.06640625
2432.31640625
2433.2578125
2434.09765625
2425.53515625
2426.55078125
2427.66796875
2428.75390625
2427.390625
2428.5078125
2429.6640625
2430.7578125
2431.828125
2432.8828125
2433.8671875
2434.87890625
2435.90625
2436.92578125
2437.9296875
2438.76171875
2439.7421875
2440.734375
2441.6875
2442.671875
2443.66015625
2444.59375
2445.53515625
2446.3828125
2446.75390625
2447.6796875
2448.75390625
2449.83984375
2450.9375
2452.046875
2453.12109375
2454.234375
2455.28515625
2456.37109375
2457.4921875
2458.6015625
2459.75
2460.8671875
2461.9375
2463.078125
2464.21484375
2465.23828125
2466.26953125
2467.3359375
2468.390625
2469.44921875
2470.54296875
2471.55078125
2472.67578125
2473.8125
2474.99609375
2476.16796875
2477.3046875
2478.43359375
2479.59375
2480.70703125
2481.86328125
2482.9765625
2484.12109375
2485.23828125
2486.390625
2487.51953125
2488.68359375
2489.80859375
2490.9609375
2571.109375
2492.140625
2493.29296875
2494.46484375
2495.62109375
2496.7890625
2497.95703125
2499.125
2500.265625
2501.33203125
2502.28125
2503.3515625
2504.3984375
2505.4453125
2506.48828125
2507.37890625
2508.375
2509.359375
2510.125
2511.1484375
2512.16796875
2513.203125
2514.12109375
2514.51953125
2515.50390625
2516.52734375
2517.54296875
2518.5390625
2519.55078125
2520.36328125
2521.31640625
2522.34765625
2523.37890625
2524.40234375
2525.2421875
2526.24609375
2526.7578125
2527.5234375
2528.61328125
2529.7265625
2530.78515625
2531.85546875
2532.97265625
2534.05078125
2535.1640625
2536.140625
2537.18359375
2538.234375
2539.3828125
2540.6015625
2541.77734375
2542.90625
2544.07421875
2545.234375
2546.26171875
2547.22265625
2548.39453125
2549.58203125
2550.78125
2551.77734375
2552.87890625
2554.09375
2555.3359375
2556.53515625
2557.74609375
2558.890625
2560.0625
2561.3125
2562.515625
2563.68359375
2564.91015625
2566.1171875
2567.28125
2568.4453125
2569.62109375
2570.78125
2571.83203125
2573.02734375
2574.515625
2575.7109375
2576.921875
2578.109375
2579.33984375
2580.53515625
2581.74609375
2582.96484375
2584.203125
2585.4453125
2586.6796875
2587.88671875
2589.08984375
2589.97265625
2591.15234375
2592.32421875
2593.4765625
2594.640625
2595.80859375
2597.015625
2598.18359375
2599.34765625
2600.58203125
2601.81640625
2603.0390625
2604.28515625
2605.53125
2606.69140625
2607.91015625
2609.1328125
2610.37109375
2611.5703125
2612.7265625
2613.9140625
2615.13671875
2616.359375
2617.546875
2618.7421875
2620.0078125
2621.23828125
2622.484375
2623.67578125
2624.8828125
2626.12109375
2627.3203125
2628.5234375
2629.734375
2630.9609375
2632.1796875
2633.3828125
2634.62890625
2635.7421875
2636.94140625
2638.125
2639.29296875
2640.5703125
2641.8125
2643.05859375
2644.29296875
2645.515625
2646.7578125
2647.9453125
2649.1875
2650.4140625
2651.60546875
2652.84375
2654.0546875
2655.2578125
2656.45703125
2657.66015625
2658.8984375
2660.1015625
2586.4375
2587.640625
2588.84375
2590.01953125
2591.1640625
2592.37890625
2593.58984375
2594.828125
2596.06640625
2597.265625
2598.46484375
2599.69140625
2600.94140625
2602.109375
2603.37109375
2604.5546875
2605.78125
2606.9765625
2608.21875
2609.40625
2610.6640625
2611.875
2613.05078125
2614.2734375
2615.51953125
2616.76171875
2618.0078125
2619.234375
2620.44140625
2621.62109375
2622.84765625
2624.0859375
2625.31640625
2626.50390625
2627.703125
2628.8828125
2483.76953125
2484.98046875
2486.16015625
2472.375
2473.6015625
2474.5546875
2475.69921875
2476.8828125
2478.09375
2479.3046875
2480.5234375
2481.74609375
2482.94921875
2484.16796875
2485.375
2486.58203125
2487.76953125
2488.9609375
2490.2109375
2491.421875
2492.578125
2493.78125
2494.92578125
2496.08984375
2497.28125
2498.48828125
2499.71484375
2500.875
2502.06640625
2503.32421875
2504.53125
2505.78515625
2506.95703125
2508.18359375
2509.10546875
2510.1875
2511.41015625
2512.65234375
2513.859375
2515.015625
2516.21875
2517.42578125
2518.62890625
2519.83984375
2521.0546875
2522.18359375
2523.2890625
2524.453125
2525.671875
2526.83984375
2528.0546875
2529.2734375
2530.43359375
2531.625
2532.83203125
2534.0234375
2535.24609375
2536.47265625
2537.71875
2538.9375
2540.16796875
2541.37890625
2542.56640625
2543.7890625
2544.99609375
2546.19921875
2547.40234375
2548.56640625
2549.78515625
2550.9296875
2552.05859375
2553.2421875
2554.453125
2555.65625
2556.875
2558.08984375
2559.33203125
2560.54296875
2561.78125
2563.015625
2564.25
2565.4453125
2566.61328125
2567.82421875
2569.0234375
2570.2421875
2571.46875
2572.6875
2573.91015625
2575.13671875
2576.34765625
2577.58203125
2578.7421875
2579.9765625
2581.140625
2582.328125
2583.48046875
2584.68359375
2585.91015625
2587.09375
2588.3046875
2589.34765625
2590.33203125
2591.5390625
2592.76953125
2593.9453125
2595.13671875
2596.3125
2597.5390625
2598.703125
2599.91015625
2601.07421875
2602.2265625
2603.08203125
2604.19140625
2605.3828125
2606.6171875
2607.80859375
2609.01953125
2610.2265625
2611.4453125
2612.609375
2613.828125
2615.046875
2616.12890625
2617.29296875
2618.50390625
2619.70703125
2620.92578125
2622.14453125
2623.3515625
2624.56640625
2625.7734375
2626.99609375
2628.171875
2629.34765625
2630.53515625
2631.73828125
2632.69140625
2633.4140625
2634.31640625
2635.25
2636.28125
2637.30859375
2637.89453125
2638.80078125
2639.8515625
2640.8984375
2641.84375
2642.80859375
2643.765625
2644.64453125
2645.6328125
2646.7265625
2647.80078125
2648.90625
2649.60546875
2650.59375
2651.7265625
2652.8828125
2654.05859375
2807.53515625
2814.23828125
2815.4140625
2758.984375
2760.046875
2760.9453125
2761.7734375
2762.80078125
2763.75390625
2764.4453125
2764.87109375
2765.10546875
2765.43359375
2765.64453125
2765.8359375
2765.8359375
2766.00390625
2766.29296875
2766.8671875
2767.5
2768.03125
2768.51171875
2769.3515625
2770.3046875
2771.33203125
2772.3203125
2773.171875
2774.234375
2775.34765625
2776.390625
2777.296875
2778.3203125
2779.2890625
2780.36328125
2781.34375
2782.37109375
2783.45703125
2784.61328125
2785.765625
2786.87890625
2787.93359375
2789.0859375
2790.27734375
2791.4453125
2792.62890625
2793.78125
2794.8359375
2795.93359375
2796.8671875
2797.75
2798.7734375
2799.69921875
2800.19140625
2800.83203125
2801.2421875
2801.92578125
2802.8359375
2803.69921875
2804.42578125
2805.359375
2806.25390625
2807.2265625
2808.2578125
2809.08984375
2810.08203125
2811.17578125
2812.05859375
2813.05078125
2813.796875
2814.5234375
2815.4609375
2816.265625
2817.203125
2818.140625
2818.90234375
2819.40625
2819.96875
2663.9453125
2664.90234375
2665.76953125
2666.79296875
2667.67578125
2668.4921875
2669.37890625
2669.73046875
2670.328125
2671.23046875
2672.015625
2672.7734375
2673.27734375
2673.92578125
2674.6953125
2675.58203125
2676.50390625
2677.453125
2678.421875
2679.42578125
2680.45703125
2681.5234375
2682.3984375
2683.4140625
2684.53515625
2685.6640625
2686.734375
2687.87890625
2689.02734375
2690.08984375
2691.16015625
2692.20703125
2693.1875
2694.1796875
2695.24609375
2696.34375
2697.52734375
2698.6953125
2699.890625
2701.0546875
2702.12890625
2703.171875
2704.234375
2705.37109375
2706.46875
2707.56640625
2708.64453125
2709.76953125
2710.9375
2712.078125
2713.21875
2714.3671875
2715.49609375
2716.67578125
2717.83984375
2718.92578125
2719.8671875
2720.7265625
2721.484375
2721.71484375
2722.03125
2722.5625
2723.25
2723.9765625
2724.73828125
2725.234375
2725.53515625
2726.14453125
2726.91015625
2727.6953125
2728.71484375
2729.5078125
2730.515625
2731.5546875
2732.640625
2733.62109375
2723.44140625
2715.70703125
2716.7578125
2717.81640625
2718.88671875
2719.75
2720.80078125
2721.734375
2722.85546875
2723.68359375
2724.37109375
2725.28125
2726.24609375
2727.5078125
2728.703125
2729.96484375
2730.91796875
2732.03125
2733.171875
2734.65625
2735.625
2736.953125
2738.26953125
2739.53515625
2740.89453125
2742.16796875
2743.2890625
2744.546875
2745.94921875
2747.34765625
2748.6875
2750.04296875
2751.38671875
2752.62109375
2753.95703125
2754.90234375
2756.19921875
2757.6484375
2759.0390625
2760.1640625
2761.5546875
2762.98828125
2764.37890625
2765.84375
2767.34765625
2768.7421875
2770.16015625
2771.56640625
2773.015625
2774.4296875
2775.84765625
2777.21875
2778.63671875
2780.03125
2781.25
2782.23828125
2783.13671875
2784.37890625
2785.7421875
2787.07421875
2788.44921875
2790.0078125
2790.87109375
2791.79296875
2792.89453125
2793.984375
2795.171875
2796.62890625
2798.046875
2799.3671875
2800.4609375
2801.55859375
2802.8359375
2804.078125
2805.53515625
2806.91015625
2808.30859375
2809.640625
2810.83203125
2811.96484375
2813.16015625
2814.5078125
2815.84765625
2817.2890625
2818.5390625
2819.65234375
2820.796875
2822.15234375
2823.61328125
2824.97265625
2826.41796875
2827.8203125
2829.55078125
2830.82421875
2832.09765625
2833.16015625
2834.52734375
2835.87890625
2837.28515625
2838.66796875
2840.1015625
2841.73046875
2842.92578125
2844.24609375
2845.37890625
2846.48828125
2847.66015625
2848.86328125
2850.0234375
2851.34375
2851.8515625
2852.8515625
2854.15625
2855.4921875
2856.6015625
2857.5390625
2858.44921875
2859.66796875
2860.90234375
2851.99609375
2852.62890625
2853.828125
2855.203125
2854.48046875
2854.10546875
2852.80078125
2854.1484375
2855.41015625
2856.80859375
2858.16015625
2859.30078125
2860.359375
2861.62890625
2862.890625
2864.25
2864.171875
2865.65625
2866.76171875
2867.93359375
2866.91015625
2868.03125
2867.546875
2868.8359375
2870.2421875
2870.79296875
2869.71484375
2870.7421875
2869.6796875
2870.78515625
2869.96484375
2871.06640625
2870.24609375
2869.2109375
2870.55859375
2869.98046875
2869.31640625
2870.5859375
2869.66015625
2868.69921875
2869.85546875
2871.203125
2872.6171875
2874.01171875
2875.546875
2876.890625
2878.22265625
2879.40625
2880.796875
2881.9765625
2883.1953125
2884.30078125
2885.24609375
2885.92578125
2886.96484375
2872.6953125
2873.7421875
2874.72265625
2875.6953125
2876.74609375
2877.70703125
2878.62109375
2879.51171875
2880.30078125
2881.26171875
2882.35546875
2883.421875
2884.5625
2885.6484375
2871.2890625
2872.51953125
2863.31640625
2864.4375
2851.3671875
2852.58203125
2853.79296875
2842.01171875
2843.359375
2832.21484375
2833.18359375
2834.57421875
2835.8828125
2837.2109375
2838.5859375
2839.9609375
2841.4453125
2842.65625
2844.05078125
2845.34375
2846.73828125
2847.71875
2849.38671875
2850.62109375
2851.84765625
2853.2265625
2854.5625
2856.01953125
2857.4609375
2858.80859375
2860.24609375
2861.6484375
2863.02734375
2864.4296875
2866.12890625
2867.30859375
2868.49609375
2869.890625
2871.234375
2872.5625
2873.94921875
2875.40234375
2876.62890625
2878.25390625
2879.4609375
2880.79296875
2882.05078125
2883.40625
2884.7265625
2886.03125
2887.078125
2888.1171875
2889.359375
2890.23046875
2891.109375
2892.19921875
2893.34765625
2894.49609375
2895.82421875
2896.95703125
2898.16015625
2899.20703125
2900.5
2901.33984375
2902.35546875
2903.65625
2904.9375
2906.234375
2907.6640625
2908.984375
2910.4609375
2911.7109375
2912.98828125
2914.1484375
2915.390625
2916.68359375
2917.9765625
2918.69140625
2919.57421875
2920.77734375
2922.07421875
2923.4453125
2924.9609375
2925.52734375
2926.55859375
2927.7734375
2929.00390625
2930.40625
2931.66796875
2933.0078125
2934.29296875
2935.75
2936.9140625
2938.2265625
2939.59375
2940.921875
2942.25
2943.58984375
2944.91015625
2946.28515625
2947.72265625
2949.0703125
2950.3984375
2951.87890625
2921.05078125
2817.3125
2817.99609375
2818.93359375
2818.8828125
2819.56640625
2820.79296875
2822.1015625
2823.4765625
2825.00390625
2826.29296875
2827.19140625
2828.2578125
2829.4609375
2830.6796875
2832.02734375
2832.78125
2833.53515625
2834.77734375
2835.953125
2837.296875
2838.6171875
2839.953125
2841.05859375
2841.57421875
2842.80078125
2843.8828125
2844.7578125
2845.95703125
2838.39453125
2821.4453125
2811.390625
2812.1484375
2813.3671875
2814.5078125
2815.6640625
2816.66015625
2817.82421875
2818.8828125
2819.92578125
2821.1328125
2822.24609375
2823.15234375
2824.15625
2825.41796875
2826.53515625
2828.23046875
2829.25
2830.37109375
2831.51171875
2832.765625
2833.96875
2834.80859375
2835.81640625
2836.78515625
2837.92578125
2839.06640625
2839.6640625
2840.46484375
2841.578125
2842.74609375
2843.96875
2844.95703125
2845.296875
2846.265625
2847.5390625
2848.8125
2850.078125
2851.10546875
2852.375
2853.6484375
2855.01171875
2856.31640625
2857.74609375
2858.78515625
2860.02734375
2861.2890625
2862.546875
2863.703125
2864.94140625
2866.15625
2867.44140625
2868.48828125
2869.35546875
2870.44140625
2871.29296875
2872.37890625
2873.625
2874.875
2876.1015625
2877.359375
2878.5703125
2879.6953125
2880.83984375
2882.28515625
2883.3671875
2884.625
2886.00390625
2887.19140625
2888.4375
2889.69140625
2890.6875
2891.85546875
2893.171875
2894.32421875
2895.33203125
2896.14453125
2897.23828125
2898.26953125
2899.41796875
2900.93359375
2902.04296875
2903.26171875
2904.609375
2905.8671875
2907.21484375
2908.62109375
2909.8671875
2911.05859375
2912.2578125
2913.43359375
2914.66015625
2916.03515625
2917.16015625
2918.515625
2919.8671875
2921.2734375
2922.734375
2924.140625
2925.390625
2926.796875
2928.07421875
2929.30859375
2930.58984375
2931.734375
2932.953125
2934.02734375
2935.32421875
2936.61328125
2938.08984375
2939.2890625
2940.62109375
2941.80859375
2943.1015625
2944.41015625
2945.8125
2947.328125
2948.828125
2950.11328125
2951.45703125
2952.83984375
2954.23828125
2955.59765625
2957.06640625
2958.33984375
2959.65234375
2960.8828125
2962.25
2963.671875
2964.953125
2966.21875
2967.4765625
2968.82421875
2970.08203125
2971.36328125
2972.5859375
2973.828125
2975.2578125
2976.453125
2977.8125
2979.17578125
2980.55078125
2981.93359375
2983.1875
2984.55078125
2985.875
2987.09765625
2988.4609375
2989.734375
2991.13671875
2992.57421875
2993.92578125
2995.30859375
2996.6953125
2997.87890625
2999.0234375
3000.26171875
3001.58203125
3002.7890625
3004.0546875
3005.5859375
3006.6171875
3007.7109375
3009.03515625
3010.1796875
3010.92578125
3012.10546875
3013.3203125
3014.6015625
3015.81640625
3017.15625
3017.95703125
3125.5546875
3173.734375
3173.734375
3173.734375
3173.734375
3173.734375
3173.734375
3195.9609375
3265.30078125
3328.8359375
3393.69921875
3452.26171875
3491.03125
3516.9140625
3545.79296875
3590.37109375
3590.484375
3590.484375
3590.484375
3590.484375
3590.484375
3590.484375
3590.484375
3590.484375
3590.484375
3590.484375
3590.484375
3590.484375
3590.484375
3590.484375
3590.484375
3590.484375
3590.484375
3590.484375
3590.484375
3590.80859375
3590.859375
3590.859375
3590.859375
3590.859375
3590.859375
3590.859375
3590.859375
3590.859375
3590.859375
3590.859375
3590.859375
3590.859375
3590.859375
3590.859375
3590.859375
3590.859375
3590.859375
3590.859375
3590.859375
3590.859375
3590.859375
3590.859375
3590.859375
3590.859375
3590.859375
3590.859375
3590.859375
3590.859375
3590.859375
3590.859375
3590.859375
3590.859375
3590.859375
3590.859375
3590.859375
3590.859375
3590.859375
3590.859375
3590.859375
3590.859375
3590.859375
3590.859375
3590.859375
3598.6328125
3607.51953125
3616.8515625
3624.78515625
3632.75390625
3642.7421875
3653.0703125
3662.7421875
3671.99609375
3681.37109375
3690.6171875
3699.83203125
3708.9765625
3717.24609375
3725.98046875
3734.703125
3743.31640625
3751.88671875
3759.921875
3766.7890625
3774.2421875
3776.125
3776.0
3774.71484375
3775.67578125
3776.16796875
3777.37109375
3777.296875
3777.453125
3777.30859375
3776.75
3780.88671875
3789.0703125
3795.734375
3803.6171875
3811.78125
3819.8984375
3823.1015625
3828.8671875
3817.828125
3815.484375
3808.23828125
3814.234375
3807.84765625
3782.59765625
3781.95703125
3768.828125
3766.48046875
3760.828125
3760.828125
3760.828125
3760.828125
3760.828125
3760.828125
3760.828125
3760.828125
3500.41796875
3042.49609375
3160.33203125
3292.609375
3408.94140625
3522.9296875
3634.26171875
3790.12890625
3832.140625
3781.62890625
3783.09765625
3730.78125
3730.82421875
3730.87109375
3730.921875
3730.96875
3731.01171875
3731.0546875
3731.10546875
3731.15234375
3731.203125
3731.25
3731.30078125
3731.34765625
3731.39453125
3692.20703125
3692.25390625
3692.3046875
3692.3515625
3692.3984375
3692.44921875
3692.49609375
3692.54296875
3692.578125
3692.60546875
3692.62109375
3692.65234375
3692.6953125
3692.7421875
3692.765625
3692.7734375
3692.7734375
3692.7734375
3692.7734375
3692.7734375
3692.7734375
3692.7734375
3692.7734375
3692.7734375
3692.7734375
3692.7734375
3652.58203125
3362.703125
3242.68359375
3270.92578125
3300.609375
3330.734375
3362.34765625
3390.52734375
3419.21875
3450.4765625
3485.27734375
3534.41796875
3534.68359375
3535.21484375
3536.27734375
3536.27734375
3536.27734375
3536.27734375
3536.27734375
3538.40234375
3538.40234375
3538.40234375
3538.40234375
3538.40234375
3538.40234375
3538.40234375
3538.40234375
3538.40234375
3538.40234375
3538.640625
3542.65234375
3542.65234375
3542.65234375
3542.65234375
3542.65234375
3542.65234375
3542.65234375
3542.65234375
3542.65234375
3542.65234375
3542.65234375
3542.65234375
3542.65234375
3542.65234375
3542.65234375
3542.65234375
3542.65234375
3542.65234375
3542.65234375
3542.65234375
3542.65234375
3542.65234375
3542.65234375
3542.65234375
3542.65234375
3542.65234375
3542.65234375
3542.65234375
3542.65234375
3492.04296875
3478.33984375
3478.33984375
3478.33984375
3478.33984375
3478.33984375
3478.33984375
3400.6328125
3400.6328125
3400.6328125
3400.6328125
3400.6328125
3400.6328125
3400.6328125
3400.6328125
3400.6328125
3400.6328125
3400.6328125
3327.359375
3307.1015625
3288.20703125
3288.20703125
3282.62109375
3282.62109375
3282.62109375
3282.62109375
3282.62109375
3282.62109375
3282.62109375
3282.62109375
3282.62109375
3282.62109375
3282.62109375
3282.62109375
3282.62109375
3282.62109375
3282.62109375
3282.62109375
3282.62109375
3282.62109375
3282.62109375
3282.62109375
3282.62109375
3282.62109375
3282.62109375
3282.62109375
3282.62109375
3282.62109375
3282.62109375
3282.62109375
3282.62109375
3282.62109375
3282.62109375
3282.62109375
3282.62109375
3282.62109375
3282.62109375
3282.62109375
3282.62109375
3282.62109375
3282.62109375
3282.62109375
3282.62109375
3282.62109375
3282.62109375
3298.9296875
3298.9296875
3298.9296875
3298.9296875
3298.9296875
3298.9296875
3298.9296875
3298.9296875
3298.9296875
3298.9296875
3298.9296875
3298.9296875
3298.9296875
3298.9296875
3298.9296875
3298.9296875
3298.9296875
3298.9296875
3315.66796875
3319.41796875
3322.828125
3326.08203125
3329.5390625
3332.984375
3336.39453125
3339.63671875
3342.73828125
3345.9921875
3349.375
3352.6875
3356.04296875
3359.32421875
3362.578125
3365.82421875
3369.1640625
3372.34765625
3375.65234375
3378.94921875
3382.1796875
3385.30859375
3388.57421875
3391.78125
3395.078125
3398.4375
3401.859375
3405.125
3408.46875
3411.83984375
3415.19921875
3418.45703125
3421.68359375
3424.96484375
3428.3515625
3431.75390625
3435.11328125
3438.46875
3441.90625
3445.3359375
3448.7109375
3511.32421875
3641.9296875
3759.46484375
3862.19140625
3863.73828125
3844.93359375
3924.21875
3991.48046875
4042.20703125
4086.6953125
4133.5546875
4181.39453125
4226.67578125
4276.33984375
4327.73046875
4377.8359375
4295.85546875
3260.375
3260.375
3260.375
3260.375
3260.375
3260.375
3260.375
3260.375
3260.375
3260.375
3260.375
3260.375
3260.375
3260.375
3226.3828125
3344.8046875
3520.875
3690.6015625
3858.78515625
3967.65234375
3967.671875
3967.671875
3967.671875
3967.671875
3967.671875
3967.671875
3196.01953125
3229.4375
3229.4375
3229.4375
3229.4375
3229.4375
3262.5703125
3305.8125
3309.8359375
3313.80859375
3317.90234375
3321.91015625
3325.82421875
3329.7578125
3333.66015625
3337.359375
3337.74609375
3337.74609375
3337.74609375
3345.49609375
3345.49609375
3345.49609375
3345.49609375
3345.49609375
3345.49609375
3345.49609375
3345.49609375
3345.49609375
3345.49609375
3345.49609375
3345.49609375
3345.49609375
3345.49609375
3409.25
3409.25
3409.25
3409.25
3409.25
3409.25
3409.25
3409.25
3409.25
3409.25
3409.25
3409.25
3466.2109375
3537.0
3537.0
3537.0
3537.0
3537.0
3537.0
3537.0
3537.0
3537.0
3537.0
3275.3046875
3359.11328125
3534.4140625
3709.9921875
3886.81640625
4063.08203125
4091.3125
4091.3125
4091.3125
4091.3125
4091.3125
4091.3125
4091.3125
4091.3125
4091.3125
4091.3125
4091.3125
4091.3125
4091.3125
4091.3125
4091.3125
4091.3125
4091.3125
4091.3125
4091.3125
4091.3125
4091.3125
4091.3125
4091.3125
4091.3125
4091.3125
4091.3125
4091.3125
4091.3125
4091.3125
4091.3125
4091.3125
4091.3125
4091.3125
4091.3125
4091.3125
4091.3125
4091.3125
4091.3125
4091.3125
4091.3125
4091.3125
4091.3125
4091.3125
4091.3125
4091.3125
4091.3125
4091.3125
4091.3125
4091.3125
4091.3125
4091.3125
4091.3125
4091.3125
4091.3125
4091.3125
4091.3125
4091.3125
4091.3125
4091.3125
4091.3125
4091.3125
4091.3125
4091.3125
4091.3125
4091.3125
4091.3125
4091.3125
4091.3125
4091.3125
4091.3125
4091.3125
4091.3125
4091.3125
4091.3125
4091.3125
4091.3125
4091.3125
4091.3125
4091.3125
4091.3125
4091.3125
4091.3125
4091.3125
4091.3125
4091.3125
4091.3125
4091.3125
4091.3125
4091.3125
4091.3125
4091.3125
4091.3125
4091.3125
4091.3125
4091.3125
4091.3125
4091.3125
4091.3125
4091.3125
4091.3125
4091.3125
4091.3125
4091.3125
4091.3125
4091.3125
4091.3125
4091.3125
4091.3125
4091.3125
4091.3125
3451.3125
3323.21484375
3331.06640625
3339.1015625
3347.046875
3354.921875
3362.859375
3370.8046875
3378.14453125
3385.4765625
3393.046875
3400.65234375
3408.328125
3415.9453125
3423.45703125
3431.4375
3439.37890625
3447.33984375
3455.0859375
3462.7578125
3470.6015625
3478.53125
3486.45703125
3494.3984375
3502.3671875
3510.2890625
3518.28125
3526.27734375
3534.29296875
3541.88671875
3549.45703125
3556.66015625
3563.84765625
3571.359375
3578.78515625
3586.2734375
3593.85546875
3601.359375
3608.8203125
3616.0546875
3623.4921875
3630.890625
3638.703125
3646.546875
3654.57421875
3662.5390625
3670.40234375
3678.19921875
3685.9765625
3693.7265625
3701.42578125
3709.2890625
3717.13671875
3724.546875
3732.11328125
3739.65234375
3747.20703125
3754.71875
3762.25390625
3769.77734375
3777.7734375
3785.73828125
3793.34375
3800.70703125
3807.48046875
3815.05859375
3822.5
3829.8984375
3837.11328125
3844.70703125
3852.265625
3859.390625
3866.50390625
3873.7265625
3881.328125
3888.8046875
3896.66015625
3904.4609375
3912.28125
3920.03515625
3927.86328125
3935.61328125
3943.49609375
3951.44140625
3959.6015625
3967.23828125
3974.890625
3982.7109375
3990.31640625
3998.140625
4006.09765625
4013.92578125
4021.83984375
4029.640625
4037.3671875
4045.15625
4052.671875
4059.97265625
4067.21484375
4074.5859375
4082.21484375
4089.7734375
4097.3515625
4105.11328125
4113.10546875
4120.89453125
4128.796875
4136.33203125
4144.15625
4152.10546875
4159.96484375
4167.7109375
4175.53515625
4183.23046875
4191.03125
4198.87109375
4206.8203125
4214.5390625
4222.37890625
4230.32421875
4238.09765625
4246.05078125
4254.0
4261.7421875
4269.52734375
4276.91796875
4284.5234375
4291.8046875
4299.0546875
4306.5546875
4314.046875
4321.33203125
4329.41015625
4337.37890625
4345.04296875
4352.796875
4360.65234375
4368.3046875
4375.96875
4383.72265625
4391.546875
4399.078125
4406.84375
4414.74609375
4422.74609375
4430.62109375
3640.2265625
3375.1796875
3539.69140625
3712.0078125
3883.94140625
4007.015625
4007.015625
4007.015625
4007.015625
4007.015625
3266.03125
3389.140625
3525.15234375
3665.015625
3803.234375
3946.5078125
4009.42578125
4009.42578125
4009.42578125
4009.42578125
4009.42578125
4009.42578125
4009.42578125
4009.42578125
4110.23828125
4272.0625
4436.7890625
4604.4375
4741.609375
4748.734375
4752.83984375
4752.83984375
4752.83984375
4752.83984375
4752.83984375
4752.83984375
4752.83984375
4752.83984375
4752.83984375
4752.83984375
4752.83984375
4752.83984375
4752.83984375
4752.83984375
4752.83984375
4752.83984375
4752.83984375
4752.83984375
4752.83984375
4752.83984375
4752.83984375
4752.83984375
4752.83984375
4752.83984375
4752.83984375
4752.83984375
4752.83984375
4752.83984375
4752.83984375
4752.83984375
4752.83984375
4752.83984375
4752.83984375
4752.83984375
4752.83984375
4752.83984375
4752.83984375
4752.83984375
4752.83984375
4752.83984375
4752.83984375
4752.83984375
4752.83984375
4752.83984375
4752.83984375
4752.83984375
4752.83984375
4752.83984375
4752.83984375
4752.83984375
4752.83984375
4752.83984375
4752.83984375
4752.83984375
4752.83984375
4752.83984375
4752.83984375
4752.83984375
4752.83984375
4752.83984375
4752.83984375
4752.83984375
4752.83984375
4752.83984375
4752.83984375
4752.83984375
4752.83984375
4752.83984375
4752.83984375
4752.83984375
4752.83984375
4752.83984375
4752.83984375
4752.83984375
4752.83984375
4752.83984375
4752.83984375
4752.83984375
4752.83984375
4752.83984375
4752.83984375
4752.83984375
4752.83984375
4752.83984375
4752.83984375
4752.83984375
4752.83984375
4752.83984375
4752.83984375
4013.55859375
4022.140625
4030.66796875
4039.19921875
4047.8828125
4056.4609375
4064.6015625
4072.4765625
4080.515625
4088.53125
4096.58203125
4104.44921875
4112.58203125
4120.83203125
4129.4296875
4137.953125
4146.48046875
4154.83984375
4162.9609375
4170.4453125
4179.00390625
4187.23046875
4195.59375
4204.12890625
4212.68359375
4221.4921875
4230.19140625
4238.81640625
4247.40625
4255.83203125
4264.38671875
4273.0
4281.421875
4290.0625
4298.6484375
4307.23046875
4315.609375
4324.17578125
4332.61328125
4341.2265625
4349.68359375
4358.3203125
4366.59375
4375.26953125
4383.6796875
4392.28515625
4400.94140625
4409.6171875
4418.21484375
4426.703125
4435.22265625
4443.5859375
4452.19921875
4460.2421875
4468.08984375
4476.46875
4485.046875
4493.61328125
4502.16015625
4510.65625
4519.1015625
4527.4921875
4536.03515625
4544.5546875
4553.13671875
4561.796875
4570.34765625
4579.0
4587.56640625
4596.2578125
4604.7109375
4612.5703125
4620.7890625
4629.0
4637.00390625
4645.2109375
4653.38671875
4661.6015625
4669.55078125
4677.63671875
4685.546875
4693.9140625
4702.33984375
4710.97265625
4719.35546875
4728.0625
4736.40625
4745.05078125
4753.48828125
4762.1875
4770.7421875
4779.375
4787.953125
4796.5703125
4805.1953125
4813.72265625
4822.01171875
4825.8046875
4833.3203125
4841.34765625
4849.03125
4856.81640625
4864.73828125
4872.7421875
4879.48046875
4887.3984375
4894.97265625
4902.03515625
4908.30859375
4915.64453125
4923.73828125
4931.5703125
4939.7265625
4947.859375
4955.95703125
4964.34375
4972.74609375
4980.53125
4988.34375
4996.17578125
5003.7109375
5011.2421875
5019.26171875
5024.74609375
5025.91015625
5025.97265625
5026.3984375
5026.00390625
5028.65625
5034.8046875
5041.68359375
5048.0859375
5054.8671875
5063.09375
5070.89453125
5079.28515625
5087.6796875
4581.1015625
4349.7734375
4349.83984375
4349.83984375
3978.15234375
3256.421875
3333.03515625
3387.796875
3446.3359375
3473.2421875
3440.8046875
3438.50390625
3435.3515625
3435.73828125
3436.1171875
3435.57421875
3436.2734375
3437.23828125
3434.375
3435.0625
3435.76171875
3423.2578125
3413.33984375
3413.85546875
3414.359375
3407.4765625
3407.54296875
3407.59375
3407.6640625
3407.734375
3407.80078125
3407.84765625
3407.94140625
3407.96875
3408.01171875
3408.0703125
3408.53515625
3409.3125
3410.296875
3411.265625
3407.53515625
3408.52734375
3409.51171875
3410.49609375
3411.453125
3412.42578125
3413.4296875
3414.421875
3415.41015625
3416.37109375
3417.33203125
3418.2734375
3419.19140625
3420.078125
3420.99609375
3421.8828125
3422.8359375
3423.78125
3424.73828125
3425.6796875
3404.74609375
3405.39453125
3406.02734375
3406.640625
3407.265625
3407.87109375
3408.484375
3409.125
3409.73046875
3410.34375
3410.94921875
3411.60546875
3412.25
3412.90625
3413.5625
3414.19140625
3414.8359375
3415.4921875
3416.12890625
3416.80078125
3417.4296875
3418.0703125
3418.67578125
3419.2578125
3419.890625
3420.4921875
3420.94921875
3421.453125
3421.96875
3422.68359375
3383.07421875
3383.70703125
3384.33203125
3384.9296875
3385.53125
3386.16015625
3386.76171875
3387.390625
3388.00390625
3388.671875
3389.2734375
3383.86328125
3384.4921875
3385.13671875
3385.8125
3386.47265625
3387.125
3387.78515625
3388.3828125
3389.0625
3389.6796875
3390.31640625
3390.9453125
3391.5703125
3392.109375
3392.57421875
3392.98046875
3393.40234375
3393.88671875
3394.44140625
3395.0390625
3378.2421875
3379.12890625
3380.0625
3380.98046875
3381.89453125
3382.83984375
3383.71484375
3384.5390625
3385.12890625
3385.78125
3386.65625
3387.55078125
3388.41796875
3389.4140625
3390.203125
3390.9453125
3391.609375
3392.38671875
3393.18359375
3393.94140625
3394.79296875
3395.671875
3396.55859375
3389.66015625
3375.21484375
3375.85546875
3376.53515625
3377.3515625
3378.234375
3379.12890625
3380.0
3380.875
3381.765625
3382.4765625
3383.05078125
3383.8671875
3384.78515625
3385.671875
3386.5390625
3387.4453125
3388.33984375
3389.25
3390.25390625
3391.23046875
3392.171875
3393.10546875
3394.03515625
3394.87890625
3395.64453125
3396.359375
3397.06640625
3397.92578125
3398.76953125
3399.66015625
3400.50390625
3401.33984375
3402.2109375
3403.04296875
3403.66796875
3404.49609375
3405.33984375
3406.1875
3407.03125
3407.9140625
3408.77734375
3409.65625
3410.55859375
3411.45703125
3412.37109375
3413.29296875
3414.19921875
3415.08203125
3415.984375
3416.921875
3417.83984375
3418.73828125
3419.59765625
3420.50390625
3421.43359375
3422.33203125
3423.234375
3424.16015625
3425.09375
3426.03515625
3426.88671875
3427.83984375
3428.74609375
3429.64453125
3430.53125
3431.44140625
3432.3046875
3433.20703125
3434.1328125
3435.0546875
3435.984375
3436.90234375
3437.828125
3438.76171875
3439.6796875
3440.5859375
3441.484375
3442.37109375
3443.28515625
3444.22265625
3445.140625
3446.046875
3446.9296875
3447.80859375
3448.69921875
3449.5625
3450.4296875
3451.23046875
3452.109375
3453.01171875
3453.88671875
3454.78515625
3455.66796875
3456.58203125
3457.46484375
3458.3671875
3459.2265625
3460.09765625
3460.97265625
3461.8515625
3462.7109375
3463.5859375
3464.49609375
3465.453125
3466.375
3467.296875
3468.2265625
3469.1328125
3470.05078125
3470.91015625
3471.734375
3472.55859375
3473.44140625
3474.34375
3475.26953125
3476.16796875
3477.06640625
3477.9453125
3478.8203125
3440.6015625
3441.54296875
3442.41796875
3443.359375
3444.24609375
3445.15625
3446.0390625
3446.90234375
3447.74609375
3448.59765625
3449.45703125
3450.32421875
3451.16796875
3452.10546875
3452.9921875
3453.87890625
3450.29296875
3451.19140625
3452.0859375
3452.96875
3453.8203125
3454.66015625
3455.51171875
3456.4140625
3457.3359375
3378.5
3379.390625
3380.28515625
3381.1796875
3382.12890625
3383.046875
3383.9375
3384.8828125
3385.74609375
3386.68359375
3387.59765625
3388.515625
3389.375
3390.25
3391.12109375
3391.9453125
3392.8046875
3393.67578125
3394.54296875
3395.4140625
3396.3203125
3397.2109375
3398.08984375
3398.91796875
3399.796875
3400.7109375
3401.62109375
3402.5234375
3403.42578125
3404.26171875
3405.171875
3406.046875
3406.91796875
3407.83984375
3408.71875
3409.59765625
3410.51171875
3411.33203125
3412.21875
3413.07421875
3413.9609375
3414.83203125
3415.7109375
3416.6484375
3417.56640625
3418.46484375
3419.35546875
3420.21484375
3421.06640625
3421.9609375
3422.82421875
3423.6796875
3424.5078125
3425.36328125
3426.23828125
3427.10546875
3427.96484375
3428.78515625
3429.625
3430.44921875
3431.328125
3432.203125
3433.0390625
3433.91796875
3434.82421875
3435.7265625
3436.6015625
3437.49609375
3438.38671875
3439.12890625
3440.03515625
3440.86328125
3441.69921875
3442.53125
3443.3671875
3444.2109375
3445.078125
3445.9609375
3446.8828125
3447.79296875
3448.65625
3449.4921875
3450.3515625
3451.26953125
3452.16796875
3453.05078125
3453.91796875
3454.828125
3455.6640625
3456.40234375
3457.24609375
3458.09375
3458.984375
3459.8203125
3460.70703125
3461.59765625
3462.46875
3463.3359375
3464.21484375
3465.0625
3465.890625
3466.7421875
3467.53515625
3468.3671875
3469.1953125
3470.04296875
3470.875
3471.6875
3472.55078125
3473.45703125
3474.375
3475.234375
3476.109375
3476.9921875
3477.890625
3478.79296875
3479.6328125
3480.50390625
3481.37109375
3482.265625
3483.15234375
3484.015625
3484.8671875
3485.6875
3486.46484375
3487.328125
3488.17578125
3489.02734375
3489.83203125
3490.703125
3491.58984375
3492.4765625
3493.31640625
3494.16796875
3495.0234375
3495.890625
3496.765625
3497.61328125
3498.3828125
3499.19921875
3500.04296875
3500.86328125
3501.6875
3502.54296875
3503.37109375
3504.2109375
3505.1015625
3505.9921875
3506.87109375
3507.75
3508.62109375
3509.390625
3510.2265625
3511.10546875
3511.99609375
3512.8984375
3513.71484375
3514.609375
3515.47265625
3516.36328125
3517.21484375
3518.078125
3518.94921875
3519.82421875
3520.70703125
3521.60546875
3522.42578125
3523.28515625
3524.12109375
3524.9375
3525.77734375
3526.5859375
3527.40625
3528.21484375
3528.96875
3529.640625
3530.4921875
3531.28515625
3532.12109375
3532.9453125
3533.796875
3534.6640625
3535.53125
3536.4296875
3537.33203125
3538.19140625
3539.08984375
3539.90625
3540.671875
3541.48828125
3542.328125
3543.1640625
3544.0078125
3544.90234375
3545.76953125
3546.6328125
3547.51171875
3548.34765625
3549.16796875
3550.05859375
3550.92578125
3551.796875
3552.6640625
3553.51953125
3554.23828125
3555.12109375
3555.96875
3556.84375
3557.66796875
3558.546875
3559.421875
3560.28515625
3561.1640625
3562.01171875
3562.875
3563.72265625
3564.625
3565.5
3566.37890625
3567.2265625
3568.12890625
3569.03515625
3569.9375
3570.77734375
3571.6484375
3572.515625
3573.3515625
3574.19921875
3575.0625
3575.9453125
3576.8125
3577.65625
3578.5546875
3579.43359375
3580.28515625
3581.1796875
3582.04296875
3582.87890625
3583.6953125
3584.54296875
3585.39453125
3586.22265625
3587.09765625
3587.953125
3588.81640625
3589.6015625
3590.44921875
3591.29296875
3592.1328125
3593.0
3593.83984375
3594.6953125
3595.59765625
3596.4453125
3597.359375
3598.18359375
3599.01953125
3599.87890625
3600.74609375
3601.6015625
3602.4453125
3603.27734375
3604.17578125
3605.06640625
3605.984375
3606.875
3607.69140625
3608.4296875
3609.26953125
3610.12890625
3610.94140625
3611.80078125
3612.65625
3613.48046875
3614.2734375
3615.0390625
3615.859375
3616.63671875
3617.46484375
3618.28125
3619.0625
3619.84375
3620.734375
3621.53125
3622.375
3623.23046875
3624.0234375
3624.73046875
3625.5703125
3626.4609375
3627.3125
3628.22265625
3629.0859375
3629.95703125
3630.8828125
3631.75
3632.62109375
3633.49609375
3634.3828125
3635.27734375
3636.15234375
3637.0390625
3637.9375
3638.79296875
3639.67578125
3640.53515625
3641.4296875
3641.8125
3642.6875
3643.515625
3644.37109375
3645.2578125
3646.140625
3647.03125
3647.92578125
3648.81640625
3649.7265625
3650.61328125
3651.50390625
3652.41015625
3653.3046875
3654.1875
3655.01171875
3655.84765625
3656.72265625
3657.578125
3658.44921875
3659.26171875
3660.11328125
3660.9765625
3661.8515625
3662.71484375
3663.57421875
3664.40625
3665.25390625
3666.0703125
3666.9296875
3667.75390625
3668.56640625
3669.4296875
3670.29296875
3671.16796875
3672.08984375
3672.984375
3673.87109375
3674.765625
3675.67578125
3676.5546875
3677.45703125
3678.328125
3679.19921875
3680.05859375
3680.8984375
3681.75390625
3682.6328125
3683.46875
3684.3359375
3685.23046875
3686.140625
3687.03125
3687.890625
3688.765625
3689.65234375
3690.5234375
3691.4375
3692.3046875
3693.14453125
3694.01953125
3694.88671875
3695.75390625
3696.65234375
3697.51171875
3698.37890625
3699.24609375
3700.06640625
3700.9453125
3701.59765625
3702.125
3702.79296875
3703.48046875
3703.99609375
3704.671875
3705.33203125
3705.97265625
3706.828125
3707.7421875
3708.55859375
3709.37890625
3710.24609375
3711.1328125
3711.97265625
3712.85546875
3713.77734375
3714.64453125
3715.55078125
3716.421875
3717.28125
3718.1015625
3718.9140625
3719.68359375
3720.453125
3721.30859375
3722.15625
3723.00390625
3723.8359375
3724.70703125
3725.48828125
3726.28125
3727.078125
3727.83984375
3728.62890625
3729.5078125
3730.37109375
3731.2421875
3732.11328125
3732.9140625
3733.75390625
3734.57421875
3735.41015625
3736.25
3737.0625
3737.875
3738.6953125
3739.5078125
3740.3359375
3741.17578125
3741.98828125
3742.79296875
3743.61328125
3744.453125
3745.3203125
3746.21484375
3747.02734375
3747.83203125
3748.6328125
3749.46875
3750.25390625
3751.08203125
3751.890625
3752.703125
3753.52734375
3754.33984375
3755.1640625
3756.02734375
3756.8828125
3757.7734375
3758.640625
3759.51953125
3760.3984375
3761.234375
3761.953125
3762.7734375
3763.578125
3764.42578125
3765.25
3766.109375
3766.9453125
3767.74609375
3768.578125
3769.31640625
3770.14453125
3771.0
3771.84765625
3772.6953125
3773.515625
3774.34765625
3775.15234375
3776.0078125
3776.8515625
3777.70703125
3778.5
3779.296875
3780.0625
3780.828125
3781.62890625
3782.44140625
3783.21484375
3784.0546875
3784.953125
3785.796875
3786.6640625
3787.515625
3788.328125
3789.19140625
3790.078125
3790.9375
3791.640625
3792.4453125
3793.21875
3793.96875
3794.73046875
3795.55859375
3796.37109375
3797.2109375
3798.05859375
3798.9296875
3799.78125
3800.62890625
3801.45703125
3802.265625
3803.09765625
3803.9375
3804.8125
3805.7109375
3806.59375
3807.41796875
3808.19140625
3808.765625
3809.55859375
3810.359375
3811.2109375
3812.05859375
3812.86328125
3813.63671875
3814.42578125
3815.23828125
3816.05078125
3816.91015625
3817.765625
3818.6015625
3819.421875
3820.17578125
3820.98828125
3821.84765625
3822.72265625
3823.609375
3824.48046875
3825.34765625
3826.265625
3827.1484375
3827.984375
3828.79296875
3900.4453125
3978.19921875
3986.07421875
3986.07421875
3986.07421875
3986.07421875
3986.07421875
3986.07421875
3986.07421875
3986.07421875
3986.07421875
3986.07421875
3986.07421875
3986.07421875
3986.07421875
3986.07421875
3986.07421875
3986.07421875
3986.07421875
3986.07421875
3986.07421875
3986.07421875
3986.07421875
3986.07421875
3986.07421875
3986.07421875
3986.07421875
3986.07421875
3986.07421875
3986.07421875
3986.07421875
3986.07421875
3986.07421875
3986.07421875
3986.07421875
3986.07421875
3986.07421875
3986.07421875
3986.07421875
3986.07421875
3986.07421875
3986.07421875
3986.07421875
3986.07421875
3986.07421875
3986.07421875
3986.07421875
3986.07421875
3986.07421875
3986.07421875
3987.33203125
3992.59375
3997.875
4002.765625
4007.6484375
4012.59375
4017.66796875
4022.75390625
4026.7265625
4030.984375
4034.58984375
4039.1015625
4044.078125
4048.8515625
4054.171875
4059.4609375
4064.63671875
4069.53515625
4074.34375
4079.2265625
4084.64453125
4089.328125
4093.50390625
4097.78125
4102.42578125
4107.3828125
4112.08203125
4116.80859375
4121.21875
4125.87109375
4131.046875
4136.29296875
4141.6640625
4146.953125
4152.0703125
4157.01953125
4162.21484375
4167.515625
4173.0625
4178.54296875
4184.0859375
4189.30078125
4194.50390625
4199.61328125
4204.98046875
4206.94140625
4206.94140625
4206.94140625
4129.3671875
3876.00390625
4043.38671875
4204.72265625
4283.078125
4283.12109375
4283.16796875
4283.1875
4283.1875
4283.1875
4283.1875
4283.1875
4283.1875
4283.1875
4283.1875
4283.1875
4283.1875
4283.1875
4283.1875
4283.1875
4283.1875
4283.1875
4283.1875
4283.1875
4283.1875
4283.1875
4283.1875
4283.1875
4283.1875
4115.5078125
4234.4375
4357.27734375
4488.48046875
4504.05078125
4504.05078125
4504.05078125
4504.05078125
4504.05078125
4504.05078125
4619.04296875
4764.68359375
4926.42578125
4954.5390625
4954.5390625
4954.5390625
4954.5390625
4954.5390625
4954.5390625
4954.5390625
4954.5390625
4954.5390625
4954.5390625
4954.5390625
4954.5390625
4954.5390625
4954.5390625
4954.5390625
4954.5390625
4954.5390625
4954.5390625
4954.5390625
4954.5390625
4954.5390625
4954.5390625
4954.5390625
4954.5390625
4954.5390625
4954.5390625
4954.5390625
4954.5390625
4954.5390625
4954.5390625
4954.5390625
4954.5390625
4954.5390625
4954.5390625
4954.5390625
4954.5390625
4954.5390625
4954.5390625
4954.5390625
4954.5390625
4954.5390625
4954.5390625
4954.5390625
4954.5390625
4954.5390625
4954.5390625
4954.5390625
4954.5390625
4954.5390625
4954.5390625
4954.5390625
4954.5390625
4954.5390625
4954.5390625
4954.5390625
4954.5390625
4954.5390625
4954.5390625
4954.5390625
4954.5390625
4954.5390625
4954.5390625
4954.5390625
4954.5390625
4517.078125
4524.3671875
4532.17578125
4539.91015625
4547.609375
4555.40234375
4562.90234375
4570.765625
4578.51171875
4586.11328125
4593.58984375
4600.7890625
4608.42578125
4616.16015625
4623.84765625
4631.65234375
4639.16796875
4646.65234375
4654.12890625
4661.88671875
4669.51953125
4677.015625
4684.4609375
4691.79296875
4699.28515625
4706.74609375
4714.42578125
4722.37109375
4730.11328125
4737.9765625
4745.65625
4752.8984375
4760.08203125
4767.0625
4773.8359375
4780.671875
4787.52734375
4795.0
4802.45703125
4810.28125
4818.015625
4825.671875
4833.3828125
4841.25390625
4849.08203125
4856.9609375
4864.6796875
4869.09765625
4873.9375
4880.828125
4887.8515625
4894.91796875
4902.13671875
4909.59765625
4917.09765625
4924.61328125
4932.00390625
4939.59765625
4947.3125
4955.10546875
4962.9453125
4970.53125
4978.3984375
4986.1796875
4993.7734375
5001.15625
5008.19921875
5015.18359375
5022.359375
5027.6640625
5034.34375
5041.33203125
5048.01953125
5054.8515625
5061.96484375
5069.23046875
5077.046875
5084.36328125
5091.90625
5099.30078125
5106.51171875
5113.734375
5121.23046875
5128.5859375
5136.13671875
5143.8203125
5151.6640625
5159.34765625
5167.15234375
5174.78125
4734.8203125
4734.8203125
4256.80859375
4076.5
4079.84375
4079.84375
4080.96875
4080.96875
4080.96875
4080.96875
4080.96875
4080.96875
4080.96875
4080.96875
4080.96875
4079.8046875
4076.265625
4077.00390625
4078.98828125
4080.859375
4080.859375
4080.859375
4080.859375
4080.859375
4137.3515625
4290.8046875
4448.05859375
4604.42578125
4761.75
4442.6015625
4101.73828125
4132.66015625
4215.79296875
4379.31640625
4545.61328125
4710.890625
4879.81640625
4895.375
4896.31640625
4897.2421875
4736.859375
4180.51171875
4225.078125
4269.73046875
4311.26171875
4351.50390625
4392.390625
4433.54296875
4476.1796875
4519.79296875
4561.796875
4605.015625
4648.81640625
4691.7890625
4737.02734375
4780.72265625
4824.47265625
4867.1015625
4908.7890625
4951.5859375
4993.62890625
5038.2890625
5083.453125
5127.62109375
5170.72265625
5192.7421875
5191.46875
5191.46875
5191.46875
5191.46875
5191.46875
4616.26953125
4159.35546875
4259.66796875
4428.47265625
4594.2578125
4760.83984375
4931.6875
4933.47265625
4933.47265625
4933.47265625
4933.47265625
4933.47265625
4933.47265625
4933.47265625
4933.47265625
4933.47265625
4933.47265625
4933.47265625
4933.47265625
4933.47265625
4933.47265625
4933.47265625
4933.47265625
4933.47265625
4933.47265625
4933.47265625
4933.47265625
4933.47265625
4933.47265625
4933.47265625
4933.47265625
4933.47265625
4933.47265625
4933.47265625
4933.47265625
4933.47265625
4933.47265625
4933.47265625
4933.47265625
4933.47265625
4933.47265625
4933.47265625
4933.47265625
4933.47265625
4933.47265625
4933.47265625
4933.47265625
4933.47265625
4933.47265625
4933.47265625
4933.47265625
4933.47265625
4933.47265625
4933.47265625
4933.47265625
4933.47265625
4933.47265625
4933.47265625
4933.47265625
4933.47265625
4933.47265625
4933.47265625
4933.47265625
4933.47265625
4933.47265625
4933.47265625
4933.47265625
4933.47265625
4933.47265625
4933.47265625
4933.47265625
4933.47265625
4933.47265625
4933.47265625
4933.47265625
4933.47265625
4933.47265625
4933.47265625
4933.47265625
4933.47265625
4933.47265625
4933.47265625
4933.47265625
4933.47265625
4933.47265625
4933.47265625
4933.47265625
4421.47265625
4197.3046875
4206.671875
4216.2109375
4225.4765625
4235.140625
4244.625
4254.1171875
4263.08203125
4272.09375
4281.01171875
4290.14453125
4299.24609375
4308.5078125
4317.7265625
4326.515625
4335.515625
4344.796875
4354.30078125
4363.875
4373.35546875
4382.37109375
4391.3671875
4400.4375
4408.5859375
4418.078125
4427.3828125
4436.7578125
4446.15625
4455.62109375
4464.8203125
4473.55078125
4481.88671875
4490.32421875
4498.359375
4507.08203125
4515.76171875
4524.7890625
4534.01171875
4543.09375
4552.0546875
4559.921875
4568.79296875
4577.76953125
4586.4609375
4594.72265625
4602.83203125
4610.95703125
4619.79296875
4629.46875
4638.97265625
4647.7265625
4657.1953125
4666.7109375
4676.19140625
4685.6953125
4694.72265625
4703.73046875
4712.5
4721.42578125
4729.90234375
4738.31640625
4746.70703125
4754.73046875
4762.4453125
4770.3203125
4777.83203125
4785.4140625
4792.03515625
4798.921875
4805.671875
4811.9921875
4818.02734375
4823.9921875
4830.56640625
4837.2890625
4844.89453125
4852.5
4860.38671875
4868.15625
4876.3515625
4880.046875
4888.23046875
4896.68359375
4904.671875
4912.875
4921.20703125
4929.91796875
4938.953125
4948.03125
4957.17578125
4966.08203125
4975.1015625
4984.0
4993.12890625
5002.33984375
5011.5234375
5019.94140625
5028.6015625
5037.234375
5044.64453125
5052.28515625
5060.41796875
5068.51171875
5077.0078125
5085.53125
5093.8203125
5101.984375
5110.25
5117.80859375
5126.1640625
5134.12109375
5141.75390625
5149.54296875
5157.83203125
5165.66796875
5174.05078125
5182.63671875
5190.1796875
5199.30859375
5208.16015625
5216.7578125
5226.19140625
5234.69140625
5244.23046875
5252.8515625
5261.39453125
5270.74609375
5280.29296875
5289.4140625
5295.71484375
5303.37890625
5248.1015625
5244.9375
5272.171875
5315.19921875
5361.82421875
5428.8203125
5450.328125
5224.328125
4990.60546875
4952.90625
4888.26953125
4892.109375
4854.48828125
4792.5234375
4744.67578125
4736.29296875
4724.85546875
4766.109375
4822.5546875
4884.734375
4906.3671875
4899.27734375
4881.1484375
4897.56640625
4956.58984375
5013.64453125
5046.59765625
5079.94921875
5127.23046875
5192.67578125
5264.25390625
5346.13671875
5426.234375
5495.40625
5539.12109375
5580.546875
5620.8515625
5660.921875
5699.51953125
5741.25390625
5744.5625
5745.16796875
5745.78515625
5746.359375
5746.94921875
5752.32421875
5752.32421875
5752.32421875
5752.32421875
5752.32421875
5752.32421875
5752.32421875
5752.32421875
5752.32421875
5752.32421875
5752.32421875
5752.32421875
5752.32421875
5752.32421875
5752.32421875
5752.32421875
5752.32421875
5752.32421875
5752.32421875
5752.32421875
5752.32421875
5752.32421875
5752.32421875
5752.32421875
5752.32421875
5752.32421875
5752.32421875
5752.32421875
5752.32421875
5752.32421875
5752.32421875
5752.32421875
5752.32421875
5752.32421875
5752.32421875
5752.32421875
5752.32421875
5752.32421875
5752.32421875
5752.32421875
5752.32421875
5752.32421875
5752.32421875
5752.32421875
5752.32421875
5752.32421875
5752.32421875
5752.32421875
5752.32421875
5752.32421875
5752.32421875
5752.32421875
5752.32421875
5752.32421875
5752.32421875
5752.32421875
5752.32421875
5752.32421875
5752.32421875
5752.32421875
5752.32421875
5752.32421875
5752.32421875
5752.32421875
5752.32421875
5752.32421875
5752.32421875
5752.32421875
5752.32421875
5752.32421875
5752.32421875
5752.32421875
5752.32421875
5752.32421875
5752.32421875
5752.32421875
5752.32421875
5752.32421875
5752.32421875
5752.32421875
5752.32421875
5752.32421875
5752.32421875
5752.32421875
5752.32421875
5752.32421875
5752.32421875
5752.32421875
5752.32421875
5752.32421875
5752.32421875
5752.32421875
5752.32421875
5752.32421875
5752.32421875
5752.32421875
5752.32421875
5752.32421875
5752.32421875
5752.32421875
5752.32421875
5752.32421875
5752.32421875
5752.32421875
5752.32421875
5752.32421875
5752.32421875
5752.32421875
5752.32421875
5752.32421875
5752.32421875
5752.32421875
5752.32421875
5752.32421875
5752.32421875
5752.32421875
5752.32421875
5752.32421875
5752.32421875
5752.32421875
5752.32421875
5752.32421875
5752.32421875
5752.32421875
5752.32421875
5752.32421875
5752.32421875
5752.32421875
5752.32421875
5752.32421875
5752.32421875
5752.32421875
5752.32421875
5752.32421875
5752.32421875
5752.32421875
5752.32421875
5752.32421875
5752.32421875
5752.32421875
5752.32421875
5752.32421875
5752.32421875
5752.32421875
5752.32421875
5752.32421875
5752.32421875
5752.32421875
5752.32421875
5752.32421875
5752.32421875
5752.32421875
5752.32421875
5752.32421875
5752.32421875
5752.32421875
5752.32421875
5752.32421875
5752.32421875
5752.32421875
5752.32421875
5752.32421875
5752.32421875
5752.32421875
5752.32421875
5752.32421875
5752.32421875
5752.32421875
5752.32421875
5752.32421875
5752.32421875
5752.32421875
5752.32421875
5752.32421875
5752.32421875
5752.32421875
5752.32421875
5752.32421875
5752.32421875
5752.32421875
5752.32421875
5752.32421875
5752.32421875
5752.32421875
5752.32421875
5752.32421875
5752.32421875
5752.32421875
5752.32421875
5752.32421875
5752.32421875
5752.32421875
5752.32421875
5752.32421875
5752.32421875
5752.32421875
5752.32421875
5752.32421875
5752.32421875
5752.32421875
5752.32421875
5752.32421875
5752.32421875
5752.32421875
5752.32421875
5752.32421875
5752.32421875
5752.32421875
5752.32421875
5752.32421875
5752.32421875
5752.32421875
5752.32421875
5752.32421875
5752.32421875
5752.32421875
5752.32421875
5752.32421875
5752.32421875
5752.32421875
5752.32421875
5752.32421875
5752.32421875
5752.32421875
5752.32421875
5752.32421875
5752.32421875
5752.32421875
5752.32421875
5752.32421875
5752.32421875
5752.32421875
5752.32421875
5752.32421875
5752.32421875
5752.32421875
5752.32421875
5752.32421875
5752.32421875
5752.32421875
5752.32421875
5752.32421875
5752.32421875
5752.32421875
5752.32421875
5752.32421875
5752.32421875
5752.32421875
5752.32421875
5752.32421875
5752.32421875
5752.32421875
5752.32421875
5752.32421875
5752.32421875
5752.32421875
5752.32421875
5752.32421875
5752.32421875
5752.32421875
5752.32421875
5752.32421875
5752.32421875
5752.32421875
5752.32421875
5752.32421875
5752.32421875
5752.32421875
5752.32421875
5752.32421875
5752.32421875
5752.32421875
5752.32421875
5752.32421875
5752.32421875
5752.32421875
5752.32421875
5752.32421875
5752.32421875
5752.32421875
5752.32421875
5752.32421875
5752.32421875
5752.32421875
5752.32421875
5752.32421875
5752.32421875
5752.32421875
5752.32421875
5752.32421875
5752.32421875
5752.32421875
5752.32421875
5752.32421875
5752.32421875
5752.32421875
5752.32421875
5752.32421875
5752.32421875
5752.32421875
5752.32421875
5752.32421875
5752.32421875
5752.32421875
5752.32421875
5752.32421875
5752.32421875
5752.32421875
5752.32421875
5752.32421875
5752.32421875
5752.32421875
5752.32421875
5752.32421875
5752.32421875
5752.32421875
5752.32421875
5752.32421875
5752.32421875
5752.32421875
5752.32421875
5752.32421875
5752.32421875
5752.32421875
5752.32421875
5752.32421875
5752.32421875
5752.32421875
5752.32421875
5752.32421875
5752.32421875
5752.32421875
5752.32421875
5752.32421875
5752.32421875
5752.32421875
5752.32421875
5752.32421875
5752.32421875
5752.32421875
5752.32421875
5752.32421875
5752.32421875
5752.32421875
5752.32421875
5752.32421875
5752.32421875
5752.32421875
5752.32421875
5752.32421875
5752.32421875
5752.32421875
5752.32421875
5752.32421875
5752.32421875
5752.32421875
5752.32421875
5752.32421875
5752.32421875
5752.32421875
5752.32421875
5752.32421875
5752.32421875
5752.32421875
5752.32421875
5752.32421875
5752.32421875
5752.32421875
5752.32421875
5752.32421875
5752.32421875
5752.32421875
5752.32421875
5752.32421875
5752.32421875
5752.32421875
5752.32421875
5752.32421875
5728.43359375
5392.4921875
5048.5
4742.63671875
4503.16015625
3682.65625
3366.25
3463.421875
3562.67578125
3665.53125
3764.90234375
3864.109375
3958.47265625
4018.828125
4018.828125
4018.828125
4018.828125
4018.828125
4018.828125
4018.828125
4018.828125
4018.828125
4018.828125
4018.828125
4018.828125
4018.828125
4018.828125
4018.828125
4018.828125
4018.828125
4018.828125
4018.828125
4018.828125
4018.828125
4018.828125
4018.828125
4018.828125
4018.828125
4018.828125
4018.828125
4018.828125
4018.828125
4018.828125
4018.828125
4018.828125
4018.828125
4018.828125
4018.828125
4018.828125
4018.828125
4018.828125
4018.828125
4018.828125
4018.828125
4018.828125
4018.828125
4018.828125
4018.828125
4018.828125
4018.828125
4018.828125
4018.828125
4018.828125
4018.828125
4018.828125
4018.828125
4018.8359375
4018.87109375
4018.90625
4018.94140625
4018.98046875
4019.015625
4019.0546875
4019.08984375
4019.125
4019.1640625
4019.203125
3580.40234375
3587.29296875
3593.953125
3600.98046875
3607.98046875
3615.2109375
3622.49609375
3629.63671875
3637.02734375
3644.54296875
3651.98046875
3659.6015625
3667.2734375
3674.97265625
3682.4765625
3690.1953125
3697.83984375
3705.421875
3713.19921875
3720.78125
3728.5078125
3736.12109375
3743.84375
3751.56640625
3759.0703125
3766.6640625
3774.3828125
3781.93359375
3789.6328125
3797.22265625
3804.9140625
3812.4609375
3819.92578125
3827.43359375
3834.76171875
3842.29296875
3849.95703125
3857.6015625
3865.32421875
3872.9140625
3880.58984375
3888.21875
3895.65234375
3902.76171875
3909.79296875
3916.94140625
3924.10546875
3931.33203125
3938.5859375
3945.83203125
3953.10546875
3960.12890625
3967.55859375
3974.7265625
3981.8671875
3989.4140625
3997.08984375
4004.64453125
4012.35546875
4019.94921875
4027.125
4034.15234375
4041.67578125
4049.328125
4056.828125
4064.15234375
4071.4921875
4079.109375
4086.79296875
4096.26171875
4107.6796875
4119.125
4130.4765625
4141.76171875
4152.89453125
4164.3515625
4175.98046875
4186.3671875
4194.08984375
4201.76953125
4209.51171875
4217.17578125
4224.87890625
4233.546875
4242.0625
4249.6875
4257.421875
4265.15625
4273.30859375
4281.9296875
4281.94921875
4281.94921875
3805.09375
3709.1171875
3845.7890625
4001.828125
4175.625
4335.4375
4476.24609375
4116.87890625
3836.015625
3884.2109375
3892.44921875
4062.45703125
4232.73046875
4408.55859375
4579.41015625
4641.51953125
4641.51953125
4641.51953125
4600.30859375
3920.3984375
3976.19921875
4030.28125
4083.6640625
4137.984375
4192.36328125
4247.1796875
4300.671875
4354.94140625
4399.89453125
4444.640625
4488.8359375
4531.94140625
4575.16015625
4618.375
4662.26953125
4707.3515625
4751.83203125
4796.921875
4841.50390625
4887.8359375
4940.8359375
4995.203125
5048.921875
5103.078125
5156.75390625
5208.125
5228.10546875
5228.10546875
5228.10546875
5228.10546875
5228.10546875
4238.27734375
4205.6171875
4303.8828125
4398.30859375
4549.1796875
4697.94921875
4808.48046875
4914.06640625
4957.75
4957.75
4957.75
4957.75
4957.75
4957.75
4957.75
4957.75
4957.75
4957.75
4957.75
4957.75
4957.75
4957.75
4957.75
4957.75
4957.75
4957.75
4957.75
4957.75
4957.75
4957.75
4957.75
4957.75
4957.75
4957.75
4957.75
4957.75
4957.75
4957.75
4957.75
4957.75
4957.75
4957.75
4957.75
4957.75
4957.75
4957.75
4957.75
4957.75
4957.75
4957.75
4957.75
4957.75
4957.75
4957.75
4957.75
4957.75
4957.75
4957.75
4957.75
4957.75
4957.75
4957.75
4957.75
4957.75
4957.75
4957.75
4957.75
4957.75
4957.75
4957.75
4957.75
4957.75
4957.75
4957.75
4957.75
4957.75
4957.75
4957.75
4957.75
4957.75
4957.75
4957.75
4957.75
4957.75
4957.75
4957.75
4957.75
4957.75
4957.75
4957.75
4957.75
4957.75
4957.75
4957.75
4957.75
4957.75
4957.75
4957.75
4957.75
4957.75
4957.75
4216.91796875
4227.1640625
4237.98828125
4248.99609375
4259.97265625
4270.09765625
4279.74609375
4290.57421875
4300.81640625
4310.984375
4321.9453125
4332.34765625
4343.03515625
4353.72265625
4364.43359375
4375.2265625
4383.0703125
4389.52734375
4396.09765625
4405.125
4416.21875
4426.72265625
4437.65625
4448.77734375
4459.78125
4470.65625
4481.12109375
4492.015625
4502.71484375
4513.8046875
4524.59375
4534.8046875
4545.60546875
4556.64453125
4567.671875
4578.67578125
4589.1640625
4599.9921875
4610.703125
4621.6640625
4627.65234375
4636.16015625
4647.06640625
4658.10546875
4663.5078125
4668.515625
4674.05859375
4684.828125
4695.2890625
4703.28515625
4708.47265625
4714.09765625
4723.93359375
4734.734375
4745.84765625
4757.09765625
4767.34765625
4778.234375
4788.71484375
4796.26171875
4805.33203125
4815.04296875
4823.5859375
4828.8125
4833.859375
4839.0078125
4845.234375
4854.58203125
4859.47265625
4868.40234375
4879.34765625
4889.19140625
4899.5703125
4910.4453125
4921.26171875
4932.08203125
4939.61328125
4946.21484375
4952.28515625
4958.80078125
4968.51953125
4978.5
4989.48046875
5000.46875
5011.5
5022.48828125
5032.62890625
5043.62109375
5054.62109375
5065.76953125
5075.96484375
5085.41796875
5094.88671875
5104.01953125
5115.17578125
5126.625
5137.12109375
5148.31640625
5158.75390625
5168.7734375
5175.76171875
5182.55859375
5191.56640625
5200.90625
5210.21484375
5216.23828125
5223.5859375
5232.36328125
5241.28125
5249.78515625
5259.4765625
5269.75390625
5276.61328125
5284.7578125
5293.23046875
5302.6171875
5311.39453125
5320.27734375
5329.1328125
5280.8828125
5347.68359375
5514.70703125
5680.24609375
5827.10546875
5908.2265625
5957.015625
6052.26953125
6150.84765625
6177.67578125
6193.03515625
6193.41015625
6195.06640625
6185.73828125
6199.78125
6218.72265625
6223.33203125
6277.52734375
6346.69921875
6414.15234375
6422.83203125
6419.421875
6420.0078125
6420.5546875
6451.68359375
6468.0546875
6484.46484375
6484.96484375
6485.3515625
6485.671875
6485.77734375
6486.57421875
6487.58203125
6487.58203125
6487.07421875
6462.66796875
6436.21875
6438.4375
6440.12109375
6441.640625
6443.14453125
6444.3515625
6445.38671875
6445.7890625
6445.890625
6446.0859375
6446.2734375
6446.48046875
6446.6171875
6446.7734375
6446.94140625
6446.94140625
6446.94140625
6446.94140625
6446.94140625
6446.94140625
6446.94140625
6446.94140625
6446.94140625
6446.94140625
6446.94140625
6446.94140625
6446.94140625
6446.94140625
6446.94140625
6446.94140625
6446.94140625
6446.94140625
6446.94140625
6446.94140625
6446.94140625
6446.94140625
6446.94140625
6446.94140625
6446.94140625
6446.94140625
6446.94140625
6446.94140625
6446.94140625
6446.94140625
6446.94140625
6446.94140625
6446.94140625
6446.94140625
6446.94140625
6446.94140625
6446.94140625
6446.94140625
6446.94140625
6446.94140625
6446.94140625
6446.94140625
6446.94140625
6446.94140625
6446.94140625
6446.94140625
6446.94140625
6446.94140625
6446.94140625
6446.94140625
6446.94140625
6446.94140625
6446.94140625
6446.94140625
6446.94140625
6446.94140625
6446.94140625
6446.94140625
6446.94140625
6446.94140625
6446.94140625
6446.94140625
6446.94140625
6446.94140625
6446.94140625
6446.94140625
6446.94140625
6446.94140625
6446.94140625
6446.94140625
6446.94140625
6446.94140625
6446.94140625
6446.94140625
6446.94140625
6446.94140625
6446.94140625
6446.94140625
6446.94140625
6446.94140625
6446.94140625
6446.94140625
6446.94140625
6446.94140625
6446.94140625
6446.94140625
6446.94140625
6446.94140625
6446.94140625
6446.94140625
6446.94140625
6446.94140625
6446.94140625
6446.94140625
6446.94140625
6446.94140625
6446.94140625
6446.94140625
6446.94140625
6446.94140625
6446.94140625
6446.94140625
6446.94140625
6446.94140625
6446.94140625
6446.94140625
6446.94140625
6446.94140625
6446.94140625
6446.94140625
6446.94140625
6446.94140625
6446.94140625
6446.94140625
6446.94140625
6446.94140625
6446.94140625
6446.94140625
6446.94140625
6446.94140625
6446.94140625
6446.94140625
6446.94140625
6446.94140625
6446.94140625
6446.94140625
6446.94140625
6446.90625
6380.546875
6170.609375
6013.56640625
5846.30859375
5685.23046875
5697.9765625
5721.65625
5742.21484375
5757.5546875
5768.6015625
5778.80078125
5787.8125
5797.58984375
5808.73828125
5818.5390625
5826.6328125
5833.140625
5834.40625
5834.40625
5834.40625
5834.40625
5834.40625
5834.40625
5834.40625
5834.40625
5834.40625
5834.40625
5834.40625
5834.40625
5834.40625
5834.40625
5834.40625
5834.40625
5834.40625
5834.40625
5834.40625
5834.40625
5834.40625
5834.40625
5834.40625
5834.40625
5834.40625
5834.40625
5834.40625
5834.40625
5834.40625
5834.40625
5834.40625
5834.40625
5834.40625
5834.40625
5834.40625
5834.40625
5834.40625
5834.40625
5834.40625
5834.40625
5834.40625
5834.40625
5834.40625
5834.40625
5834.40625
5834.40625
5834.40625
5834.40625
5834.40625
5834.40625
5834.40625
5834.40625
5834.40625
5834.40625
5834.40625
5834.40625
5834.40625
5834.40625
5834.40625
5834.40625
5834.40625
5834.40625
5834.40625
5834.40625
5834.40625
5834.40625
5834.40625
5834.40625
5834.40625
5834.40625
5834.40625
5834.40625
5834.40625
5834.40625
5834.40625
5834.40625
5788.9375
5581.8984375
5167.06640625
4764.0234375
4496.4375
4328.7421875
4041.62890625
4212.5703125
4392.94140625
4483.359375
4483.359375
4483.359375
4483.359375
4483.359375
4483.359375
4483.359375
4483.359375
4483.359375
4483.359375
4483.359375
4483.359375
4483.359375
4483.359375
4483.359375
4483.359375
4483.359375
4483.359375
4483.359375
4483.359375
4483.359375
4483.359375
4483.359375
4483.359375
4483.359375
4483.359375
4483.359375
4483.359375
4483.359375
4483.359375
4483.359375
4483.359375
4483.359375
4483.359375
4483.359375
4483.359375
4483.359375
4483.359375
4483.359375
4483.359375
4483.359375
4483.359375
4483.359375
4483.359375
4483.359375
4483.359375
4483.359375
4483.359375
4483.359375
4483.359375
4483.359375
4483.359375
4483.359375
4483.359375
4483.359375
4483.359375
4308.1484375
4046.03515625
4052.4453125
4059.11328125
4066.57421875
4074.734375
4082.46875
4088.92578125
4095.96484375
4103.234375
4110.9453125
4118.515625
4121.04296875
4123.6484375
4128.78125
4135.484375
4142.4453125
4148.98046875
4152.8515625
4158.72265625
4164.16015625
4166.01953125
4169.79296875
4172.5
4177.7421875
4184.05859375
4190.32421875
4197.26171875
4203.7578125
4207.6953125
4215.015625
4222.015625
4229.62109375
4236.28515625
4243.109375
4250.0703125
4257.48828125
4264.91796875
4272.40625
4278.37890625
4285.82421875
4293.1796875
4300.26171875
4305.76171875
4309.24609375
4315.68359375
4323.0546875
4330.90234375
4338.5390625
4345.92578125
4352.734375
4358.72265625
4364.7578125
4372.234375
4379.703125
4387.296875
4394.95703125
4402.7265625
4409.76171875
4416.1953125
4422.25390625
4428.9453125
4435.54296875
4442.28515625
4449.2421875
4456.328125
4463.328125
4470.66015625
4477.375
4484.0078125
4490.94921875
4497.859375
4504.390625
4511.21484375
4517.8984375
4524.69921875
4531.54296875
4538.421875
4545.25
4551.78125
4558.62109375
4564.99609375
4571.5390625
4577.9921875
4584.51953125
4591.1640625
4597.9140625
4604.59375
4611.671875
4617.89453125
4624.35546875
4631.078125
4637.75
4644.21875
4650.765625
4657.26953125
4663.953125
4670.62890625
4677.2421875
4683.859375
4690.203125
4696.76171875
4703.6640625
4700.41015625
4700.41015625
4700.41015625
4071.703125
4233.1875
4385.9140625
4542.52734375
4704.015625
4714.46484375
4044.75390625
4086.53125
4128.5859375
4103.5078125
4244.80859375
4403.65234375
4563.55078125
4721.6953125
4861.80078125
4862.69140625
4863.54296875
4864.578125
4233.94140625
4163.4609375
4205.2890625
4245.6484375
4284.74609375
4327.37109375
4371.58203125
4414.7109375
4461.5234375
4502.796875
4543.63671875
4585.203125
4626.328125
4667.046875
4707.4296875
4748.94140625
4791.4609375
4834.109375
4874.4921875
4914.57421875
4955.83203125
4998.82421875
5041.11328125
5088.18359375
5127.94921875
5127.94921875
5127.94921875
5127.94921875
5127.94921875
4136.73828125
4129.4453125
4254.51953125
4409.828125
4568.37109375
4724.5
4887.26171875
4887.26171875
4887.26171875
4887.26171875
4887.26171875
4887.26171875
4887.26171875
4887.26171875
4887.26171875
4887.26171875
4887.26171875
4887.26171875
4887.26171875
4887.26171875
4887.26171875
4887.26171875
4887.26171875
4887.26171875
4887.26171875
4887.26171875
4887.26171875
4887.26171875
4887.26171875
4887.26171875
4887.26171875
4887.26171875
4887.26171875
4887.26171875
4887.26171875
4887.26171875
4887.26171875
4887.26171875
4887.26171875
4887.26171875
4887.26171875
4887.26171875
4887.26171875
4887.26171875
4887.26171875
4887.26171875
4887.26171875
4887.26171875
4887.26171875
4887.26171875
4887.26171875
4887.26171875
4887.26171875
4887.26171875
4887.26171875
4887.26171875
4887.26171875
4887.26171875
4887.26171875
4887.26171875
4887.26171875
4887.26171875
4887.26171875
4887.26171875
4887.26171875
4887.26171875
4887.26171875
4887.26171875
4887.26171875
4887.26171875
4887.26171875
4887.26171875
4887.26171875
4887.26171875
4887.26171875
4887.26171875
4887.26171875
4887.26171875
4887.26171875
4887.26171875
4887.26171875
4887.26171875
4887.26171875
4887.26171875
4887.26171875
4887.26171875
4887.26171875
4887.26171875
4887.26171875
4887.26171875
4759.26171875
4146.9609375
4156.21875
4165.34375
4174.609375
4183.18359375
4192.30078125
4200.64453125
4209.12890625
4217.484375
4226.015625
4233.76953125
4242.84375
4251.67578125
4260.4921875
4269.19921875
4278.0234375
4287.0
4296.2421875
4305.20703125
4314.50390625
4323.52734375
4332.98046875
4341.85546875
4349.8203125
4357.56640625
4365.69921875
4374.9375
4384.60546875
4393.1015625
4401.76171875
4410.46484375
4418.953125
4427.4921875
4436.56640625
4445.80859375
4455.265625
4464.75
4474.546875
4483.953125
4493.53125
4502.953125
4512.5
4521.83203125
4529.640625
4537.60546875
4546.453125
4554.72265625
4563.5390625
4571.94140625
4580.61328125
4589.23828125
4597.9765625
4606.6015625
4614.92578125
4623.7734375
4633.04296875
4642.0859375
4651.1328125
4660.20703125
4669.6171875
4678.6640625
4688.02734375
4697.1328125
4706.08203125
4715.2578125
4724.578125
4733.703125
4742.73828125
4751.24609375
4760.33984375
4769.07421875
4778.1328125
4787.08203125
4795.63671875
4804.44140625
4813.49609375
4822.51953125
4831.5234375
4839.9765625
4848.3984375
4855.76953125
4861.67578125
4867.671875
4872.24609375
4880.75390625
4889.99609375
4899.18359375
4908.39453125
4917.1171875
4926.51171875
4935.84375
4945.34375
4954.16796875
4961.35546875
4968.0625
4977.64453125
4985.7890625
4993.9921875
5003.45703125
5012.07421875
5021.0859375
5030.41015625
5039.515625
5046.8515625
5053.62890625
5058.98046875
5066.26171875
5075.1171875
5083.921875
5092.6015625
5101.46484375
5110.25
5119.1796875
5127.84375
5137.390625
5146.70703125
5156.47265625
5165.97265625
5175.6875
5185.05078125
5193.05859375
5201.08203125
5209.78125
5217.60546875
5226.16015625
5235.22265625
5244.60546875
5253.37109375
5180.73828125
5180.69140625
5298.8125
5382.66796875
5524.24609375
5659.671875
5784.3515625
5902.640625
5982.328125
6047.2109375
6116.453125
6189.9765625
6189.34375
6134.375
6076.26171875
5951.359375
5831.046875
5878.828125
5907.59765625
5908.24609375
5908.87890625
5909.47265625
5910.078125
5903.91796875
5874.75
5788.6953125
5788.6953125
5788.6953125
5777.80078125
5777.80078125
5777.80078125
5777.80078125
5777.80078125
5777.80078125
5777.80078125
5777.80078125
5777.80078125
5777.80078125
5777.80078125
5777.80078125
5777.80078125
5777.80078125
5777.80078125
5777.80078125
5739.78125
5725.58203125
5725.58203125
5725.58203125
5725.58203125
5725.58203125
5725.58203125
5725.58203125
5725.58203125
5725.58203125
5725.58203125
5725.58203125
5725.58203125
5725.58203125
5725.58203125
5725.58203125
5725.58203125
5725.58203125
5725.58203125
5725.58203125
5725.58203125
5725.58203125
5725.58203125
5725.58203125
5725.58203125
5725.58203125
5725.58203125
5725.58203125
5725.58203125
5725.58203125
5725.58203125
5725.58203125
5725.58203125
5725.58203125
5725.58203125
5725.58203125
5725.58203125
5725.58203125
5725.58203125
5725.58203125
5725.58203125
5725.58203125
5725.58203125
5725.58203125
5725.58203125
5725.58203125
5725.58203125
5725.58203125
5725.58203125
5725.58203125
5725.58203125
5725.58203125
5725.58203125
5725.58203125
5725.58203125
5725.58203125
5725.58203125
5725.58203125
5725.58203125
5725.58203125
5725.58203125
5725.58203125
5725.58203125
5725.58203125
5725.58203125
5725.58203125
5725.58203125
5725.58203125
5725.58203125
5725.58203125
5725.58203125
5725.58203125
5725.58203125
5725.58203125
5725.58203125
5725.58203125
5725.58203125
5725.58203125
5725.58203125
5725.58203125
5725.58203125
5725.58203125
5725.58203125
5725.58203125
5725.58203125
5725.58203125
5725.58203125
5725.58203125
5725.58203125
5725.58203125
5725.58203125
5725.58203125
5725.58203125
5725.58203125
5725.58203125
5725.58203125
5725.58203125
5725.58203125
5725.58203125
5725.58203125
5725.58203125
5725.58203125
5725.58203125
5725.58203125
5725.58203125
5725.58203125
5725.58203125
5725.58203125
5725.58203125
5725.58203125
5725.58203125
5725.58203125
5725.58203125
5725.58203125
5725.58203125
5725.58203125
5725.58203125
5725.58203125
5725.58203125
5725.58203125
5725.58203125
5725.58203125
5725.58203125
5725.58203125
5725.58203125
5725.58203125
5725.58203125
5725.58203125
5725.58203125
5725.58203125
5725.58203125
5725.58203125
5725.58203125
5725.58203125
5725.58203125
5725.58203125
5725.58203125
5725.58203125
5725.58203125
5725.58203125
5725.58203125
5725.58203125
5725.58203125
5725.58203125
5725.58203125
5725.58203125
5725.58203125
5725.58203125
5725.58203125
5663.15234375
5483.71875
5472.58203125
5472.58203125
5472.58203125
5472.58203125
5472.58203125
5472.58203125
5390.94921875
5390.94921875
5390.94921875
5390.94921875
5390.94921875
5390.94921875
5390.94921875
5390.94921875
5390.94921875
5390.94921875
5390.94921875
5390.94921875
5390.94921875
5390.94921875
5390.94921875
5390.94921875
5390.94921875
5390.94921875
5390.9453125
5390.9453125
5390.9453125
5390.9453125
5382.15625
5382.15625
5374.5390625
5374.5390625
5374.5390625
5374.5390625
5374.5390625
5374.5390625
5374.5390625
5374.5390625
5374.5390625
5374.5390625
5374.5390625
5374.5390625
5374.5390625
5374.5390625
5374.5390625
5374.5390625
5374.5390625
5374.5390625
5374.5390625
5374.5390625
5374.5390625
5374.5390625
5374.5390625
5374.5390625
5374.5390625
5374.5390625
5339.56640625
5339.56640625
5339.56640625
5339.56640625
5339.56640625
5339.56640625
5339.56640625
5322.2109375
5300.11328125
5300.11328125
5292.11328125
5292.11328125
5292.11328125
5292.11328125
5292.11328125
5292.11328125
5292.11328125
5292.11328125
5292.11328125
5292.11328125
5292.11328125
5292.11328125
5292.11328125
5292.11328125
5292.11328125
5292.11328125
5292.11328125
5292.11328125
5292.11328125
5292.11328125
5292.11328125
5292.11328125
5292.11328125
5292.11328125
5292.11328125
5292.11328125
5292.11328125
5292.11328125
5292.11328125
5292.11328125
5292.11328125
5292.11328125
5292.11328125
5292.11328125
5292.11328125
5292.11328125
5292.11328125
5292.11328125
5292.11328125
5266.84765625
5258.84765625
5235.99609375
5235.99609375
5235.99609375
5235.99609375
5235.99609375
5235.99609375
5235.99609375
5235.99609375
5235.99609375
5235.99609375
5235.99609375
5235.99609375
5235.99609375
5235.99609375
5235.99609375
5235.99609375
5235.99609375
5235.99609375
5235.99609375
5235.99609375
5235.99609375
5235.99609375
5235.99609375
5235.99609375
5235.99609375
5235.99609375
5235.99609375
5235.99609375
5235.99609375
5235.99609375
5235.99609375
5235.99609375
5235.99609375
5235.99609375
5235.99609375
5235.99609375
5235.99609375
5235.99609375
5235.99609375
5235.99609375
5235.99609375
5235.99609375
5235.99609375
5235.99609375
5235.99609375
5235.99609375
5235.99609375
5235.99609375
5216.59375
5214.50390625
5197.625
5197.625
5197.625
5197.625
5189.625
5189.625
5189.625
5189.625
5189.625
5189.625
5189.625
5116.13671875
4812.13671875
4481.13671875
4134.13671875
3587.87890625
2718.63671875
2837.82421875
3002.82421875
3158.0234375
3177.8828125
3177.8828125
3177.8828125
3177.8828125
3177.8828125
3177.8828125
3177.8828125
3177.8828125
3177.8828125
3177.8828125
3177.8828125
3177.8828125
3177.8828125
3177.8828125
3177.8828125
3177.8828125
3177.8828125
3177.8828125
3177.8828125
3177.8828125
3177.8828125
3177.8828125
3177.8828125
3177.8828125
3177.8828125
3177.8828125
3177.8828125
3177.8828125
3177.8828125
3177.8828125
3177.8828125
3177.8828125
3177.8828125
3177.8828125
3177.8828125
3177.8828125
3177.8828125
3177.8828125
3177.8828125
3177.8828125
3177.8828125
3177.8828125
3177.8828125
3177.8828125
3177.8828125
3177.8828125
3177.8828125
3177.8828125
3177.8828125
3177.8828125
3177.8828125
3177.8828125
3177.8828125
3177.8828125
3177.8828125
3177.8828125
3177.8828125
3177.8828125
3177.8828125
3177.8828125
3177.8828125
3177.8828125
3177.8828125
3177.8828125
3177.8828125
2739.3046875
2747.0390625
2754.875
2762.625
2770.09375
2777.4609375
2784.62890625
2791.88671875
2799.3359375
2806.61328125
2814.171875
2821.2421875
2828.44921875
2836.86328125
2844.59375
2852.87109375
2861.0703125
2869.390625
2877.921875
2886.6171875
2895.1953125
2903.43359375
2911.87109375
2920.27734375
2928.05859375
2935.8828125
2941.546875
2948.2265625
2953.98828125
2959.03125
2965.23046875
2972.328125
2976.8515625
2978.59765625
2982.171875
2988.0234375
2991.6171875
2997.2578125
3003.23046875
3010.0390625
3016.7578125
3024.51171875
3028.35546875
3032.77734375
3037.0390625
3041.33984375
3046.63671875
3051.4296875
3058.30859375
3066.34765625
3070.51953125
3076.89453125
3083.64453125
3086.046875
3092.05078125
3097.44921875
3103.828125
3110.36328125
3116.57421875
3120.82421875
3126.28125
3132.12890625
3136.53515625
3139.49609375
3143.89453125
3148.2265625
3150.13671875
3153.23046875
3156.29296875
3158.796875
3164.42578125
3168.11328125
3174.24609375
3178.5234375
3183.078125
3185.609375
3191.05859375
3199.0546875
3206.0390625
3210.13671875
3214.93359375
3222.04296875
3228.984375
3236.609375
3241.32421875
3246.95703125
3251.85546875
3254.34375
3259.30078125
3264.80859375
3270.46875
3275.80859375
3278.3984375
3281.51953125
3287.9609375
3291.81640625
3296.38671875
3303.546875
3311.28515625
3318.24609375
3325.296875
3331.84765625
3337.76953125
3344.8671875
3352.00390625
3359.6484375
3367.35546875
3374.5390625
3381.71484375
3389.8125
3397.1484375
3394.93359375
3394.93359375
3394.93359375
3394.93359375
2918.06640625
2826.14453125
2943.65234375
3063.57421875
3197.87890625
3339.0078125
3478.3359375
3478.96484375
2737.953125
2770.875
2803.19921875
2846.76953125
2887.3359375
2930.25390625
2975.97265625
2979.734375
2979.734375
2868.31640625
3029.5546875
3201.9765625
3367.4140625
3539.8359375
3543.03515625
3543.03515625
3415.03515625
2818.6015625
2864.66796875
2910.7734375
2956.390625
3001.58984375
3042.9453125
3085.34375
3127.89453125
3170.28515625
3195.66796875
3206.7734375
3234.984375
3269.84765625
3309.59765625
3319.578125
3331.4296875
3349.8515625
3376.4140625
3411.1171875
3446.0859375
3477.91015625
3506.31640625
3536.75390625
3573.80859375
3613.41796875
3637.7890625
3637.7890625
3637.7890625
3637.7890625
3162.578125
2824.30859375
2924.22265625
3078.2578125
3247.60546875
3419.22265625
3597.55078125
3597.55078125
3597.55078125
3597.55078125
3597.55078125
3597.55078125
3597.55078125
3597.55078125
3597.55078125
3597.55078125
3597.55078125
3597.55078125
3597.55078125
3597.55078125
3597.55078125
3597.55078125
3597.55078125
3597.55078125
3597.55078125
3597.55078125
3597.55078125
3597.55078125
3597.55078125
3597.55078125
3597.55078125
3597.55078125
3597.55078125
3597.55078125
3597.55078125
3597.55078125
3597.55078125
3597.55078125
3597.55078125
3597.55078125
3597.55078125
3597.55078125
3597.55078125
3597.55078125
3597.55078125
3597.55078125
3597.55078125
3597.55078125
3597.55078125
3597.55078125
3597.55078125
3597.55078125
3597.55078125
3597.55078125
3597.55078125
3597.55078125
3597.55078125
3597.55078125
3597.55078125
3597.55078125
3597.55078125
3597.55078125
3597.55078125
3597.55078125
3597.55078125
3597.55078125
3597.55078125
3597.55078125
3597.55078125
3597.55078125
3597.55078125
3597.55078125
3597.55078125
3597.55078125
3597.55078125
3597.55078125
3597.55078125
3597.55078125
3597.55078125
3597.55078125
3597.55078125
3597.55078125
3597.55078125
3597.55078125
3597.55078125
2856.5234375
2864.65234375
2870.9453125
2878.28515625
2885.6640625
2892.08203125
2901.15625
2911.14453125
2920.796875
2930.08984375
2939.4921875
2949.61328125
2958.2421875
2966.515625
2975.95703125
2985.13671875
2994.16015625
3003.09765625
3010.9765625
3020.0
3025.41015625
3031.0703125
3037.68359375
3044.796875
3052.33203125
3059.84375
3068.27734375
3076.66015625
3085.15625
3092.796875
3100.26953125
3107.4921875
3114.98046875
3122.734375
3131.99609375
3140.9375
3149.59375
3158.3515625
3167.265625
3176.8984375
3185.3984375
3194.60546875
3203.7578125
3212.4921875
3220.97265625
3229.8203125
3235.7421875
3242.46875
3250.8125
3259.85546875
3268.33203125
3276.9765625
3284.26953125
3290.57421875
3295.46875
3301.9375
3310.0859375
3319.0703125
3327.484375
3336.04296875
3344.1875
3352.00390625
3358.515625
3367.6796875
3376.41015625
3385.44921875
3394.3046875
3402.296875
3410.546875
3419.58203125
3428.9375
3438.296875
3447.4765625
3455.90234375
3463.89453125
3471.94140625
3480.40625
3489.6953125
3498.81640625
3508.109375
3517.50390625
3527.046875
3536.62109375
3546.02734375
3553.0390625
3561.21875
3569.33984375
3578.2109375
3587.0234375
3595.92578125
3604.33203125
3613.515625
3621.9921875
3631.30859375
3640.94140625
3650.359375
3660.18359375
3668.1171875
3675.27734375
3682.6484375
3688.890625
3697.703125
3706.63671875
3716.09375
3724.7265625
3731.9140625
3737.85546875
3743.03125
3751.69140625
3760.94921875
3769.80859375
3778.40234375
3786.82421875
3795.14453125
3802.26171875
3810.4609375
3819.8984375
3828.9296875
3838.1796875
3846.81640625
3855.8046875
3864.91015625
3872.9921875
3881.39453125
3889.66796875
3896.41015625
3902.96875
3909.32421875
3918.5546875
3926.921875
3935.234375
3939.8125
3944.984375
3953.32421875
3962.86328125
3872.609375
3872.609375
3862.95703125
3946.671875
3928.66796875
3848.60546875
3696.171875
3767.60546875
3693.73046875
3614.6953125
3715.15234375
3780.8203125
3825.9609375
3888.890625
3960.8046875
4057.9765625
4142.8203125
4223.52734375
4325.7265625
4438.34375
4542.671875
4652.015625
4707.98828125
4708.65625
4709.33203125
4709.98046875
4710.55078125
4711.12109375
4711.59375
4711.59375
4711.59375
4711.59375
4711.59375
4711.59375
4711.59375
4711.59375
4711.59375
4711.59375
4711.59375
4711.59375
4711.59375
4711.59375
4711.59375
4711.59375
4711.59375
4711.59375
4711.59375
4711.59375
4711.59375
4711.59375
4711.59375
4711.59375
4711.59375
4711.59375
4711.59375
4711.59375
4711.59375
4711.59375
4711.59375
4711.59375
4711.59375
4711.59375
4711.59375
4711.59375
4711.59375
4711.59375
4711.59375
4711.59375
4711.59375
4711.59375
4711.59375
4711.59375
4711.59375
4711.59375
4711.59375
4711.59375
4711.59375
4711.59375
4711.59375
4711.59375
4711.59375
4711.59375
4711.59375
4711.59375
4711.59375
4711.59375
4711.59375
4711.59375
4711.59375
4711.59375
4711.59375
4711.59375
4711.59375
4711.59375
4711.59375
4711.59375
4711.59375
4711.59375
4711.59375
4711.59375
4711.59375
4711.59375
4711.59375
4711.59375
4711.59375
4711.59375
4711.59375
4711.59375
4711.59375
4711.59375
4711.59375
4711.59375
4711.59375
4711.59375
4711.59375
4711.59375
4711.59375
4711.59375
4711.59375
4711.59375
4711.59375
4711.59375
4711.59375
4711.59375
4711.59375
4711.59375
4711.59375
4711.59375
4711.59375
4711.59375
4711.59375
4711.59375
4711.59375
4711.59375
4711.59375
4711.59375
4711.59375
4711.59375
4711.59375
4711.59375
4711.59375
4711.59375
4711.59375
4711.59375
4711.59375
4711.59375
4711.59375
4711.59375
4711.59375
4711.59375
4711.59375
4711.59375
4711.59375
4711.59375
4711.59375
4711.59375
4711.59375
4711.59375
4711.59375
4711.59375
4711.59375
4711.59375
4711.59375
4711.59375
4711.59375
4711.59375
4711.59375
4711.59375
4711.59375
4711.59375
4711.59375
4711.59375
4711.59375
4711.59375
4711.59375
4711.59375
4711.59375
4711.59375
4711.59375
4711.59375
4711.59375
4711.59375
4711.59375
4711.59375
4711.59375
4711.59375
4711.59375
4711.59375
4711.59375
4711.59375
4711.59375
4711.59375
4711.59375
4711.59375
4711.59375
4711.59375
4711.59375
4711.59375
4711.59375
4711.59375
4711.59375
4711.59375
4711.59375
4711.59375
4711.59375
4711.59375
4711.59375
4711.59375
4711.59375
4711.59375
4711.59375
4711.59375
4711.59375
4711.59375
4711.59375
4711.59375
4711.59375
4711.59375
4711.59375
4711.59375
4711.59375
4711.59375
4711.59375
4711.59375
4711.59375
4711.59375
4711.59375
4711.59375
4711.59375
4711.59375
4711.59375
4711.59375
4711.59375
4711.59375
4711.59375
4711.59375
4712.73046875
4368.73046875
3992.73046875
3762.73046875
3560.73046875
2885.65234375
2299.5546875
2450.8984375
2636.15234375
2741.84765625
2741.84765625
2741.84765625
2741.84765625
2741.84765625
2741.84765625
2741.84765625
2741.84765625
2741.84765625
2741.84765625
2741.84765625
2741.84765625
2741.84765625
2741.84765625
2741.84765625
2741.84765625
2741.84765625
2741.84765625
2741.84765625
2741.84765625
2741.84765625
2741.84765625
2741.84765625
2741.84765625
2741.84765625
2741.84765625
2741.84765625
2741.84765625
2741.84765625
2741.84765625
2741.84765625
2741.84765625
2741.84765625
2741.84765625
2741.84765625
2741.84765625
2741.84765625
2741.84765625
2741.84765625
2741.84765625
2741.84765625
2741.84765625
2741.84765625
2741.84765625
2741.84765625
2741.84765625
2741.84765625
2741.84765625
2741.84765625
2741.84765625
2741.84765625
2741.84765625
2741.84765625
2741.84765625
2741.84765625
2741.84765625
2741.84765625
2741.84765625
2741.84765625
2741.84765625
2741.84765625
2305.70703125
2313.40234375
2321.703125
2330.43359375
2338.3046875
2345.6796875
2353.61328125
2361.9453125
2370.30078125
2378.57421875
2387.33203125
2396.11328125
2404.859375
2413.1796875
2421.1015625
2428.375
2436.91015625
2445.7890625
2453.87890625
2462.5859375
2471.3125
2479.96484375
2488.73046875
2497.44921875
2505.7109375
2514.0390625
2522.734375
2531.0234375
2539.14453125
2547.30078125
2556.07421875
2564.83203125
2573.41015625
2582.06640625
2590.01171875
2598.27734375
2606.5
2615.2421875
2623.8984375
2632.4140625
2641.12890625
2649.84765625
2657.94921875
2666.39453125
2674.84765625
2683.5625
2692.1875
2700.72265625
2709.3203125
2717.1953125
2724.65234375
2731.7734375
2738.80859375
2746.01171875
2753.4296875
2760.390625
2767.33203125
2775.1484375
2783.98046875
2792.49609375
2800.26953125
2807.91015625
2815.51953125
2823.18359375
2830.77734375
2838.84765625
2846.59375
2854.33984375
2862.5078125
2870.8515625
2879.39453125
2886.78515625
2894.9921875
2902.83203125
2910.78125
2918.78515625
2926.66796875
2934.765625
2943.04296875
2951.5390625
2959.98828125
2958.8984375
2958.8984375
2632.8203125
2345.12890625
2429.23046875
2546.88671875
2671.21484375
2832.08203125
2995.4140625
3040.1640625
3040.1640625
2400.1640625
2338.3828125
2377.6875
2418.67578125
2456.76953125
2497.32421875
2539.5234375
2581.11328125
2623.328125
2667.71484375
2706.69140625
2745.79296875
2787.88671875
2832.4921875
2881.0546875
2883.69921875
2883.69921875
2358.9375
2546.10546875
2725.046875
2907.6796875
3044.78125
3044.78125
2301.41015625
2347.67578125
2395.9609375
2445.01953125
2493.94140625
2542.2109375
2588.3515625
2634.25390625
2681.171875
2725.7265625
2769.94921875
2814.4921875
2804.62109375
2804.62109375
2282.3515625
2366.6640625
2551.85546875
2732.2734375
2913.0390625
3064.7578125
3064.7578125
3064.7578125
3064.7578125
3064.7578125
3064.7578125
3064.7578125
3064.7578125
3064.7578125
3064.7578125
3064.7578125
3064.7578125
3064.7578125
3064.7578125
3064.7578125
3064.7578125
3064.7578125
3064.7578125
3064.7578125
3064.7578125
3064.7578125
3064.7578125
3064.7578125
3064.7578125
3064.7578125
3064.7578125
3064.7578125
3064.7578125
3064.7578125
3064.7578125
3064.7578125
3064.7578125
3064.7578125
3064.7578125
3064.7578125
3064.7578125
3064.7578125
3064.7578125
3064.7578125
3064.7578125
3064.7578125
3064.7578125
3064.7578125
3064.7578125
3064.7578125
3064.7578125
3064.7578125
3064.7578125
3064.7578125
3064.7578125
3064.7578125
3064.7578125
3064.7578125
3064.7578125
3064.7578125
3064.7578125
3064.7578125
3064.7578125
3064.7578125
3064.7578125
3064.7578125
3064.7578125
3064.7578125
3064.7578125
3064.7578125
3064.7578125
3064.7578125
3064.7578125
3064.7578125
3064.7578125
2936.7578125
2325.4765625
2335.48046875
2346.02734375
2355.93359375
2365.890625
2371.9765625
2382.15625
2388.32421875
2396.55078125
2405.546875
2414.83984375
2423.03125
2430.23828125
2439.734375
2450.20703125
2461.0
2471.73828125
2482.24609375
2492.83984375
2503.56640625
2514.3203125
2524.91796875
2535.4296875
2544.39453125
2553.05078125
2562.62890625
2572.8125
2581.83203125
2592.00390625
2601.44140625
2611.89453125
2621.046875
2628.359375
2636.8515625
2646.05078125
2656.22265625
2666.40625
2675.26953125
2683.6015625
2693.17578125
2702.01953125
2710.0625
2718.71875
2728.48046875
2738.71484375
2749.3046875
2760.03125
2770.33203125
2779.7734375
2788.390625
2796.90625
2806.33984375
2816.01953125
2826.0546875
2835.58203125
2845.15625
2854.5078125
2863.29296875
2872.43359375
2881.81640625
2891.24609375
2899.9609375
2909.17578125
2919.078125
2928.98046875
2938.46875
2948.3515625
2957.984375
2967.8515625
2977.7265625
2984.7734375
2992.140625
3001.203125
3009.46484375
3018.58203125
3028.03515625
3037.90234375
3045.88671875
3054.42578125
3063.3671875
3073.3984375
3083.890625
3094.4375
3104.81640625
3114.1953125
3123.61328125
3132.4296875
3142.5625
3152.40625
3160.7890625
3169.31640625
3177.640625
3187.63671875
3198.1015625
3208.4453125
3219.23828125
3229.859375
3239.8203125
3250.0703125
3260.38671875
3270.578125
3280.12890625
3288.671875
3297.6875
3307.8359375
3318.48828125
3328.5625
3338.90234375
3348.671875
3357.07421875
3365.1640625
3375.04296875
3385.5546875
3395.984375
3406.40234375
3415.84375
3425.07421875
3434.3125
3431.859375
3481.40234375
3643.69140625
3812.5390625
3982.73046875
4155.46484375
4290.921875
4413.58203125
4473.0234375
4595.0546875
4693.28515625
4753.31640625
4753.8515625
4754.2890625
4754.7265625
4755.45703125
4756.25
4757.01953125
4757.01953125
4757.01953125
4757.01953125
4757.01953125
4757.01953125
4757.01953125
4757.01953125
4757.01953125
4757.01953125
4757.01953125
4757.01953125
4757.01953125
4757.01953125
4757.01953125
4757.01953125
4757.01953125
4757.01953125
4757.01953125
4757.01953125
4757.01953125
4757.01953125
4757.01953125
4757.01953125
4757.01953125
4757.01953125
4757.01953125
4757.01953125
4757.01953125
4757.01953125
4757.01953125
4757.01953125
4757.01953125
4757.01953125
4757.01953125
4757.01953125
4757.01953125
4757.01953125
4757.01953125
4757.01953125
4757.01953125
4757.01953125
4757.01953125
4757.01953125
4757.01953125
4757.01953125
4757.01953125
4757.01953125
4757.01953125
4757.01953125
4757.01953125
4757.01953125
4757.01953125
4757.01953125
4757.01953125
4757.01953125
4757.01953125
4757.01953125
4757.01953125
4757.01953125
4757.01953125
4757.01953125
4757.01953125
4757.01953125
4757.01953125
4757.01953125
4757.01953125
4757.01953125
4757.01953125
4757.01953125
4757.01953125
4757.01953125
4757.01953125
4757.01953125
4757.01953125
4757.01953125
4757.01953125
4757.01953125
4757.01953125
4757.01953125
4757.01953125
4757.01953125
4757.01953125
4757.01953125
4757.01953125
4757.01953125
4757.01953125
4757.01953125
4757.01953125
4757.01953125
4757.01953125
4757.01953125
4757.01953125
4757.01953125
4757.01953125
4757.01953125
4757.01953125
4757.01953125
4757.01953125
4757.01953125
4757.01953125
4757.01953125
4757.01953125
4757.01953125
4757.01953125
4757.01953125
4757.01953125
4757.01953125
4757.01953125
4757.01953125
4757.01953125
4757.01953125
4757.01953125
4757.01953125
4757.01953125
4757.01953125
4757.01953125
4757.01953125
4757.01953125
4757.01953125
4757.01953125
4757.01953125
4757.01953125
4757.01953125
4757.01953125
4757.01953125
4757.01953125
4757.01953125
4757.01953125
4757.01953125
4757.01953125
4757.01953125
4757.01953125
4757.01953125
4757.01953125
4757.01953125
4757.01953125
4757.01953125
4757.01953125
4757.01953125
4757.01953125
4757.01953125
4757.01953125
4757.01953125
4757.01953125
4757.01953125
4757.01953125
4757.01953125
4757.01953125
4757.01953125
4757.01953125
4757.01953125
4757.01953125
4757.01953125
4757.01953125
4757.01953125
4757.01953125
4757.01953125
4757.01953125
4757.01953125
4757.01953125
4757.01953125
4757.01953125
4757.01953125
4757.01953125
4757.01953125
4757.01953125
4757.01953125
4757.01953125
4757.01953125
4757.01953125
4757.01953125
4757.01953125
4757.01953125
4757.01953125
4757.01953125
4757.01953125
4757.01953125
4757.01953125
4757.01953125
4757.01953125
4757.01953125
4757.01953125
4757.01953125
4757.01953125
4757.01953125
4757.01953125
4757.01953125
4757.01953125
4737.99609375
4410.01171875
3986.01171875
3610.01171875
2785.515625
2338.12109375
2527.1171875
2694.44140625
2755.375
2755.375
2755.375
2755.375
2755.375
2755.375
2755.375
2755.375
2755.375
2755.375
2755.375
2755.375
2755.375
2755.375
2755.375
2755.375
2755.375
2755.375
2755.375
2755.375
2755.375
2755.375
2755.375
2755.375
2755.375
2755.375
2755.375
2755.375
2755.375
2755.375
2755.375
2755.375
2755.375
2755.375
2755.375
2755.375
2755.375
2755.375
2755.375
2755.375
2755.375
2755.375
2755.375
2755.375
2755.375
2755.375
2755.375
2755.375
2755.375
2755.375
2755.375
2755.375
2755.375
2755.375
2755.375
2755.375
2755.375
2755.375
2317.3359375
2325.515625
2333.63671875
2341.33203125
2347.671875
2354.3671875
2361.2578125
2368.98046875
2376.0
2383.91015625
2392.359375
2400.6875
2409.08203125
2417.046875
2423.26953125
2430.40625
2438.6484375
2447.00390625
2454.94921875
2463.26953125
2471.51953125
2479.44921875
2487.4296875
2495.68359375
2503.953125
2512.359375
2520.46875
2528.82421875
2537.07421875
2545.3203125
2552.765625
2560.02734375
2568.11328125
2576.4140625
2584.26171875
2592.73828125
2600.97265625
2608.7109375
2616.60546875
2624.62890625
2633.046875
2641.39453125
2649.52734375
2657.6484375
2665.67578125
2674.05078125
2682.5390625
2690.80078125
2699.203125
2707.6640625
2716.125
2724.609375
2733.0
2741.3984375
2749.578125
2757.921875
2766.3828125
2774.83203125
2783.2734375
2791.6953125
2800.16796875
2808.52734375
2816.92578125
2825.1796875
2833.2265625
2841.48828125
2849.8828125
2858.1328125
2866.546875
2874.9140625
2883.2109375
2891.57421875
2899.96875
2908.3671875
2916.7734375
2925.10546875
2933.484375
2941.93359375
2950.25390625
2958.67578125
2966.9765625
2975.23828125
2972.42578125
2972.42578125
2367.55859375
2330.73046875
2349.74609375
2384.23828125
2445.43359375
2502.86328125
2553.26171875
2611.66015625
2675.10546875
2732.3203125
2790.13671875
2854.9140625
2921.99609375
2985.9609375
3059.890625
3127.12109375
3219.73828125
3310.86328125
3334.26953125
3377.70703125
3417.84375
3454.5234375
3491.8515625
3533.8046875
3575.15234375
3604.80859375
3631.203125
3657.2890625
3682.2265625
3576.734375
3623.859375
3692.49609375
3604.5234375
3112.15234375
2139.3359375
1780.19140625
