2542.9375
2542.94921875
2691.18359375
2802.3203125
2887.3984375
2988.34765625
3089.3359375
3198.41015625
3355.28125
3360.953125
3363.51953125
3365.03125
3365.47265625
3367.91015625
3370.09765625
3372.296875
3374.51171875
3376.33984375
3378.6015625
3380.859375
3406.69140625
3405.01171875
3409.171875
3413.22265625
3413.61328125
3414.359375
3414.9296875
3414.9453125
3415.6875
3415.6875
3415.6875
3415.6875
3415.6875
3416.20703125
3415.70703125
3416.2109375
3416.2109375
3416.2109375
3416.2109375
3415.70703125
3416.2109375
3415.7109375
3416.21484375
3416.21484375
3416.21484375
3416.21484375
3415.71875
3416.22265625
3415.72265625
3416.2265625
3416.2265625
3416.2265625
3416.2265625
3416.2265625
3416.2265625
3416.23046875
3416.23046875
3416.23046875
3416.23046875
3415.734375
3416.23828125
3415.73828125
3416.2421875
3416.2421875
3416.2421875
3416.2421875
3416.2421875
3416.2421875
3416.24609375
3416.24609375
3416.24609375
3416.24609375
3415.7421875
3416.24609375
3415.7421875
3416.24609375
3416.24609375
3416.24609375
3416.24609375
3416.25
3416.25
3416.2578125
3416.2578125
3416.2578125
3416.2578125
3416.2578125
3416.2578125
3416.2578125
3416.26171875
3416.26171875
3416.26171875
3416.26171875
3415.7578125
3416.30078125
3415.80859375
3416.3125
3416.3125
3416.3125
3416.3125
3415.81640625
3416.3203125
3416.32421875
3416.32421875
3416.32421875
3416.32421875
3415.8203125
3416.328125
3415.828125
3416.33203125
3416.33203125
3416.33203125
3416.33203125
3416.33203125
3416.33203125
3416.3359375
3416.3359375
3416.3359375
3416.3359375
3416.3359375
3416.3359375
3416.3359375
3416.33984375
3416.33984375
3416.33984375
3416.33984375
3415.8359375
3416.33984375
3415.83984375
3416.34375
3416.34375
3416.34375
3416.34375
3416.34375
3416.34375
3416.34375
3416.34375
3416.34375
3416.34375
3415.83984375
3416.34375
3415.83984375
3416.34375
3416.34375
3416.34375
3416.34375
3416.34375
3416.34375
3416.3515625
3416.3515625
3416.3515625
3416.3515625
3415.84765625
3416.3515625
3415.84765625
3416.3515625
3416.3515625
3416.3515625
3416.3515625
3416.3515625
3416.3515625
3416.35546875
3416.35546875
3416.35546875
3416.35546875
3415.85546875
3416.359375
3415.859375
3416.36328125
3416.36328125
3416.36328125
3416.36328125
3416.36328125
3416.36328125
3416.36328125
3416.36328125
3416.36328125
3416.36328125
3416.36328125
3416.36328125
3416.36328125
3416.37109375
3416.37109375
3416.37109375
3416.37109375
3415.8671875
3416.37109375
3416.375
3416.375
3416.375
3416.375
3416.375
3416.375
3416.375
3416.37890625
3416.37890625
3416.37890625
3416.37890625
3415.875
3416.37890625
3415.87890625
3416.3828125
3416.3828125
3416.3828125
3416.3828125
3416.3828125
3416.3828125
3415.87890625
3416.3828125
3416.3828125
3416.3828125
3416.3828125
3415.87890625
3416.3828125
3415.8828125
3416.38671875
3416.38671875
3416.38671875
3416.38671875
3415.8828125
3416.38671875
3415.8828125
3416.38671875
3416.38671875
3416.38671875
3416.38671875
3416.38671875
3416.38671875
3416.38671875
3416.38671875
3416.38671875
3416.38671875
3416.38671875
3415.8828125
3416.38671875
3415.88671875
3416.390625
3416.390625
3416.390625
3416.390625
3415.88671875
3416.390625
3415.88671875
3416.390625
3416.390625
3416.390625
3416.390625
3415.88671875
3416.390625
3416.390625
3416.39453125
3416.39453125
3416.39453125
3416.39453125
3415.890625
3416.39453125
3415.89453125
3416.3984375
3416.3984375
3416.3984375
3416.3984375
3415.89453125
3416.3984375
3415.89453125
3416.3984375
3416.3984375
3416.3984375
3416.3984375
3416.3984375
3416.3984375
3416.40625
3416.40625
3416.40625
3416.40625
3415.90234375
3416.40625
3415.90625
3416.41015625
3416.41015625
3416.41015625
3416.41015625
3415.90625
3416.41015625
3415.90625
3416.41015625
3416.41015625
3416.41015625
3416.41015625
3416.4140625
3416.4140625
3416.41796875
3416.41796875
3416.41796875
3416.41796875
3415.9140625
3416.41796875
3415.9140625
3416.41796875
3416.41796875
3416.41796875
3416.41796875
3415.9140625
3416.41796875
3415.91796875
3416.421875
3416.421875
3416.421875
3416.421875
3415.91796875
3416.421875
3415.91796875
3416.421875
3416.421875
3416.421875
3416.421875
3416.421875
3415.91796875
3416.421875
3416.421875
3416.421875
3416.421875
3415.92578125
3416.4296875
3415.9296875
3416.43359375
3416.43359375
3416.43359375
3416.43359375
3416.43359375
3416.43359375
3416.43359375
3416.43359375
3416.43359375
3416.43359375
3415.9296875
3416.43359375
3415.93359375
3416.4375
3416.4375
3416.4375
3416.4375
3416.4375
3416.4375
3416.4375
3416.4375
3416.4375
3416.4375
3415.93359375
3416.4375
3415.93359375
3416.4375
3416.4375
3416.4375
3416.4375
3416.4375
3416.4375
3416.44140625
3416.44140625
3416.44140625
3416.44140625
3415.9375
3416.44140625
3415.9375
3416.44140625
3416.44140625
3416.44140625
3416.44140625
3416.44140625
3416.44140625
3416.4453125
3416.4453125
3416.4453125
3416.4453125
3415.94140625
3416.4453125
3415.94140625
3416.4453125
3416.4453125
3416.4453125
3416.4453125
3416.4453125
3416.4453125
3416.4453125
3416.4453125
3416.4453125
3416.4453125
3415.94140625
3416.4453125
3416.453125
3416.453125
3416.453125
3416.453125
3415.94921875
3416.453125
3415.94921875
3416.453125
3416.453125
3416.453125
3416.453125
3416.453125
3416.453125
3416.45703125
3416.45703125
3416.45703125
3416.45703125
3415.953125
3416.4609375
3415.95703125
3416.4609375
3416.4609375
3416.4609375
3416.4609375
3416.4609375
3416.4609375
3416.4609375
3416.4609375
3416.4609375
3416.4609375
3415.95703125
3416.4609375
3416.46484375
3416.46484375
3416.46484375
3416.46484375
3416.46484375
3416.46484375
3416.46484375
3416.46484375
3416.46484375
3416.46484375
3416.46484375
3415.9609375
3416.46484375
3416.46875
3416.46875
3416.46875
3416.46875
3415.96484375
3416.46875
3415.96875
3416.47265625
3416.47265625
3416.47265625
3416.47265625
3415.97265625
3416.4765625
3415.97265625
3416.4765625
3416.4765625
3416.4765625
3416.4765625
3415.97265625
3416.4765625
3415.9765625
3416.48046875
3416.48046875
3416.48046875
3416.48046875
3415.9765625
3416.48046875
3415.9765625
3416.48046875
3416.48046875
3416.48046875
3416.48046875
3416.48046875
3416.48046875
3416.484375
3416.484375
3416.484375
3416.484375
3416.484375
3416.484375
3415.984375
3416.48828125
3416.48828125
3416.48828125
3416.48828125
3415.984375
3416.48828125
3415.984375
3416.48828125
3416.48828125
3416.48828125
3416.48828125
3416.48828125
3416.48828125
3416.4921875
3416.4921875
3416.4921875
3416.4921875
3415.98828125
3416.4921875
3415.98828125
3416.4921875
3416.4921875
3416.4921875
3416.4921875
3415.98828125
3416.4921875
3415.98828125
3416.4921875
3416.4921875
3416.4921875
3416.4921875
3415.98828125
3416.4921875
3415.9921875
3416.49609375
3416.49609375
3416.49609375
3416.49609375
3415.9921875
3416.49609375
3415.9921875
3416.49609375
3416.49609375
3416.49609375
3416.49609375
3415.9921875
3416.49609375
3416.49609375
3416.49609375
3416.49609375
3416.49609375
3416.49609375
3416.49609375
3416.49609375
3416.49609375
3416.5
3416.5
3416.5
3416.5
3416.5
3416.5
3415.99609375
3416.5
3416.5
3416.5
3416.5
3415.99609375
3416.5
3416.0
3416.50390625
3416.50390625
3416.50390625
3416.50390625
3416.50390625
3416.50390625
3416.0
3416.50390625
3416.50390625
3416.50390625
3416.50390625
3416.50390625
3416.00390625
3416.5078125
3416.5078125
3416.5078125
3416.5078125
3416.00390625
3416.5078125
3416.51171875
3416.51171875
3416.51171875
3416.51171875
3416.51171875
3416.51171875
3416.01171875
3416.515625
3416.515625
3416.515625
3416.515625
3416.515625
3416.515625
3416.51953125
3416.51953125
3416.51953125
3416.51953125
3416.015625
3416.51953125
3416.015625
3416.51953125
3416.51953125
3416.51953125
3416.015625
3416.51953125
3416.015625
3416.51953125
3416.51953125
3416.51953125
3416.51953125
3416.015625
3416.51953125
3416.5234375
3416.5234375
3416.5234375
3416.5234375
3416.5234375
3416.5234375
3416.01953125
3416.5234375
3416.5234375
3416.5234375
3416.5234375
3416.01953125
3416.5234375
3416.0234375
3416.52734375
3416.52734375
3416.52734375
3416.52734375
3416.53125
3416.53125
3416.53125
3416.53125
3416.53125
3416.53125
3416.02734375
3416.53125
3416.02734375
3416.53125
3416.53125
3416.53125
3416.53125
3416.02734375
3416.53125
3416.03125
3416.53515625
3416.53515625
3416.53515625
3416.53515625
3416.53515625
3416.03125
3416.53515625
3416.53515625
3416.53515625
3416.53515625
3416.03125
3416.53515625
3416.03125
3416.53515625
3416.53515625
3416.53515625
3416.53515625
3416.03125
3416.53515625
3416.5390625
3416.5390625
3416.5390625
3416.5390625
3416.5390625
3416.03515625
3416.5390625
3416.03515625
3416.5390625
3416.5390625
3416.5390625
3416.5390625
3416.03515625
3416.5390625
3416.0390625
3416.54296875
3416.54296875
3416.54296875
3416.54296875
3416.54296875
3416.54296875
3416.54296875
3416.54296875
3416.54296875
3416.54296875
3416.54296875
3416.54296875
3416.54296875
3416.54296875
3416.54296875
3416.54296875
3416.54296875
3416.0390625
3416.54296875
3416.04296875
3416.546875
3416.546875
3416.546875
3416.546875
3416.04296875
3416.546875
3416.04296875
3416.546875
3416.546875
3416.546875
3416.546875
3416.546875
3416.04296875
3416.546875
3416.546875
3416.546875
3416.546875
3416.046875
3416.55078125
3416.046875
3416.55078125
3416.55078125
3416.55078125
3416.55078125
3416.55078125
3416.55078125
3416.55078125
3416.55078125
3416.55078125
3416.55078125
3416.55078125
3416.55078125
3416.55078125
3416.5546875
3416.5546875
3416.5546875
3416.5546875
3416.05078125
3416.5546875
3416.5546875
3416.5546875
3416.5546875
3416.5546875
3416.05078125
3416.5546875
3416.05078125
3416.5546875
3416.5546875
3416.5546875
3416.5546875
3416.05078125
3416.5546875
3416.55859375
3416.55859375
3416.55859375
3416.55859375
3416.55859375
3416.55859375
3416.55859375
3416.55859375
3416.55859375
3416.55859375
3416.55859375
3416.0546875
3416.55859375
3416.05859375
3416.5625
3416.5625
3416.5625
3416.5625
3416.05859375
3416.5625
3416.05859375
3416.5625
3416.5625
3416.5625
3416.05859375
3416.5625
3416.0625
3416.56640625
3416.56640625
3416.56640625
3416.56640625
3416.0625
3416.56640625
3416.06640625
3416.5703125
3416.5703125
3416.5703125
3416.5703125
3416.5703125
3416.5703125
3416.5703125
3416.5703125
3416.5703125
3416.5703125
3416.06640625
3416.5703125
3416.0703125
3416.57421875
3416.57421875
3416.57421875
3416.57421875
3416.57421875
3416.57421875
3416.57421875
3416.57421875
3416.57421875
3416.57421875
3416.0703125
3416.57421875
3416.57421875
3416.57421875
3416.57421875
3416.57421875
3416.0703125
3416.57421875
3416.07421875
3416.578125
3416.578125
3416.578125
3416.578125
3416.07421875
3416.578125
3416.07421875
3416.578125
3416.578125
3416.578125
3416.07421875
3416.578125
3416.07421875
3416.578125
3416.578125
3416.578125
3416.578125
3416.58203125
3416.078125
3416.58203125
3416.58203125
3416.58203125
3416.58203125
3416.58203125
3416.58203125
3416.58203125
3416.58203125
3416.58203125
3416.58203125
3416.078125
3416.58203125
3416.08203125
3416.5859375
3416.5859375
3416.5859375
3416.5859375
3416.08203125
3416.5859375
3416.08203125
3416.5859375
3416.5859375
3416.5859375
3416.5859375
3416.5859375
3416.5859375
3416.5859375
3416.5859375
3416.5859375
3416.5859375
3416.08203125
3416.5859375
3416.0859375
3416.58984375
3416.58984375
3416.58984375
3416.58984375
3416.58984375
3416.58984375
3416.58984375
3416.58984375
3416.58984375
3416.58984375
3416.0859375
3416.58984375
3416.08984375
3416.59375
3416.59375
3416.59375
3416.59375
3416.59375
3416.08984375
3416.59375
3416.59375
3416.59375
3416.59375
3416.08984375
3416.59375
3416.59375
3416.59375
3416.59375
3416.59375
3416.08984375
3416.59375
3416.09375
3416.59765625
3416.59765625
3416.59765625
3416.59765625
3416.59765625
3416.59765625
3416.59765625
3416.59765625
3416.59765625
3416.59765625
3416.59765625
3416.59765625
3416.6015625
3416.6015625
3416.6015625
3416.6015625
3416.09765625
3416.6015625
3416.09765625
3416.6015625
3416.6015625
3416.6015625
3416.6015625
3416.6015625
3416.09765625
3416.6015625
3416.6015625
3416.6015625
3416.6015625
3416.09765625
3416.6015625
3416.1015625
3416.60546875
3416.60546875
3416.60546875
3416.60546875
3416.60546875
3416.60546875
3416.60546875
3416.60546875
3416.60546875
3416.60546875
3416.1015625
3416.60546875
3416.1015625
3416.60546875
3416.60546875
3416.60546875
3416.60546875
3416.60546875
3416.10546875
3416.609375
3416.609375
3416.609375
3416.609375
3416.609375
3416.609375
3416.609375
3416.609375
3416.609375
3416.609375
3416.10546875
3416.609375
3416.109375
3416.61328125
3416.61328125
3416.61328125
3416.61328125
3416.61328125
3416.61328125
3416.61328125
3416.61328125
3416.61328125
3416.61328125
3416.109375
3416.61328125
3416.61328125
3416.61328125
3416.61328125
3416.61328125
3416.61328125
3416.61328125
3416.11328125
3416.6171875
3416.6171875
3416.6171875
3416.6171875
3416.6171875
3416.6171875
3416.6171875
3416.6171875
3416.6171875
3416.6171875
3416.11328125
3416.6171875
3416.11328125
3416.6171875
3416.6171875
3416.6171875
3416.1171875
3416.62109375
3416.1171875
3416.62109375
3416.62109375
3416.62109375
3416.62109375
3416.62109375
3416.62109375
3416.1171875
3416.62109375
3416.62109375
3416.62109375
3416.62109375
3416.62109375
3416.62109375
3416.625
3416.625
3416.625
3416.625
3416.625
3416.625
3416.12109375
3416.625
3416.625
3416.625
3416.625
3416.12109375
3416.625
3416.12109375
3416.625
3416.625
3416.625
3416.625
3416.625
3416.125
3416.62890625
3416.62890625
3416.62890625
3416.62890625
3416.62890625
3416.62890625
3416.6328125
3416.6328125
3416.6328125
3416.6328125
3416.12890625
3416.6328125
3416.1328125
3416.63671875
3416.63671875
3416.63671875
3416.63671875
3416.1328125
3416.63671875
3416.1328125
3416.63671875
3416.63671875
3416.63671875
3416.63671875
3416.63671875
3416.1328125
3416.63671875
3416.63671875
3416.63671875
3416.63671875
3416.1328125
3416.63671875
3416.640625
3416.640625
3416.640625
3416.640625
3416.640625
3416.13671875
3416.640625
3416.13671875
3416.640625
3416.640625
3416.640625
3416.640625
3416.13671875
3416.640625
3416.13671875
3416.640625
3416.640625
3416.640625
3416.640625
3416.64453125
3416.64453125
3416.64453125
3416.64453125
3416.64453125
3416.64453125
3416.140625
3416.64453125
3416.140625
3416.64453125
3416.64453125
3416.64453125
3416.64453125
3416.140625
3416.64453125
3416.14453125
3416.6484375
3416.6484375
3416.6484375
3416.6484375
3416.6484375
3416.6484375
3416.14453125
3416.6484375
3416.6484375
3416.6484375
3416.6484375
3416.6484375
3416.14453125
3416.6484375
3416.6484375
3416.6484375
3416.6484375
3416.6484375
3416.6484375
3416.65234375
3416.65234375
3416.65234375
3416.65234375
3416.1484375
3416.65234375
3416.65234375
3416.65234375
3416.65234375
3416.65234375
3416.65234375
3416.65234375
3416.15234375
3416.65625
3416.65625
3416.65625
3416.65625
3416.15234375
3416.65625
3416.15234375
3416.65625
3416.65625
3416.65625
3416.15234375
3416.65625
3416.15234375
3416.65625
3416.65625
3416.65625
3416.65625
3416.65625
3416.65625
3416.66015625
3416.66015625
3416.66015625
3416.66015625
3416.15625
3416.66015625
3416.66015625
3416.66015625
3416.66015625
3416.66015625
3416.15625
3416.66015625
3416.16015625
3416.6640625
3416.6640625
3416.6640625
3416.6640625
3416.16015625
3416.6640625
3416.16015625
3416.6640625
3416.6640625
3416.6640625
3416.16015625
3416.6640625
3416.16015625
3416.6640625
3416.6640625
3416.6640625
3416.6640625
3416.6640625
3416.6640625
3416.66796875
3416.66796875
3416.66796875
3416.66796875
3416.1640625
3416.66796875
3416.66796875
3416.66796875
3416.66796875
3416.66796875
3416.1640625
3416.66796875
3416.16796875
3416.671875
3416.671875
3416.671875
3416.671875
3416.671875
3416.671875
3416.671875
3416.671875
3416.671875
3416.671875
3416.671875
3416.671875
3416.171875
3416.67578125
3416.67578125
3416.67578125
3416.67578125
3416.171875
3416.67578125
3416.17578125
3416.6796875
3416.6796875
3416.6796875
3416.6796875
3416.6796875
3416.17578125
3416.6796875
3416.6796875
3416.6796875
3416.6796875
3416.6796875
3416.6796875
3416.6796875
3416.17578125
3416.6796875
3416.6796875
3416.6796875
3416.6796875
3416.6796875
3416.1796875
3416.68359375
3416.68359375
3416.1796875
3416.68359375
3416.68359375
3416.68359375
3416.68359375
3416.68359375
3416.68359375
3416.68359375
3416.68359375
3416.68359375
3416.68359375
3416.68359375
3416.68359375
3416.68359375
3416.68359375
3416.18359375
3416.6875
3416.6875
3416.6875
3416.6875
3416.18359375
3416.6875
3416.18359375
3416.6875
3416.6875
3416.6875
3416.6875
3416.6875
3416.6875
3416.6875
3416.6875
3416.6875
3416.6875
3416.6875
3416.18359375
3416.6875
3416.1875
3416.69140625
3416.69140625
3416.69140625
3416.69140625
3416.69140625
3416.69140625
3416.69140625
3416.69140625
3416.69140625
3416.69140625
3416.69140625
3416.69140625
3416.69140625
3416.69921875
3416.69921875
3416.69921875
3416.69921875
3416.69921875
3416.69921875
3416.69921875
3416.69921875
3416.69921875
3416.69921875
3416.69921875
3416.1953125
3416.69921875
3416.1953125
3416.69921875
3416.69921875
3416.69921875
3416.69921875
3416.1953125
3416.69921875
3416.19921875
3416.703125
3416.703125
3416.703125
3416.19921875
3416.703125
3416.19921875
3416.703125
3416.703125
3416.703125
3416.703125
3416.703125
3416.703125
3416.203125
3416.70703125
3416.70703125
3416.70703125
3416.70703125
3416.203125
3416.70703125
3416.203125
3416.70703125
3416.70703125
3416.70703125
3416.70703125
3416.70703125
3416.70703125
3416.70703125
3416.70703125
3416.70703125
3416.70703125
3416.203125
3416.70703125
3416.20703125
3416.7109375
3416.7109375
3416.7109375
3416.7109375
3416.7109375
3416.20703125
3416.7109375
3416.7109375
3416.7109375
3416.7109375
3416.20703125
3416.7109375
3416.20703125
3416.7109375
3416.7109375
3416.7109375
3416.7109375
3416.7109375
3416.7109375
3416.71484375
3416.71484375
3416.71484375
3416.71484375
3416.71484375
3416.71484375
3416.71484375
3416.71484375
3416.71484375
3416.71484375
3416.71484375
3416.71484375
3416.71484375
3416.71484375
3416.71875
3416.71875
3416.71875
3416.71875
3416.71875
3416.71875
3416.71875
3416.21484375
3416.71875
3416.71875
3416.71875
3416.71875
3416.21484375
3416.71875
3416.21484375
3416.71875
3416.71875
3416.71875
3416.71875
3416.71875
3416.71875
3416.71875
3416.72265625
3416.72265625
3416.72265625
3416.72265625
3416.72265625
3416.72265625
3416.72265625
3416.72265625
3416.72265625
3416.72265625
3416.72265625
3416.72265625
3416.72265625
3416.72265625
3416.22265625
3416.7265625
3416.7265625
3416.7265625
3416.7265625
3416.22265625
3416.7265625
3416.22265625
3416.7265625
3416.7265625
3416.7265625
3416.7265625
3416.7265625
3416.7265625
3416.7265625
3416.22265625
3416.7265625
3416.7265625
3416.7265625
3416.7265625
3416.7265625
3416.7265625
3416.7265625
3416.73046875
3416.73046875
3416.73046875
3416.73046875
3416.73046875
3416.73046875
3416.73046875
3416.2265625
3416.73046875
3416.73046875
3416.73046875
3416.73046875
3416.73046875
3416.73046875
3416.23046875
3416.734375
3416.734375
3416.734375
3416.734375
3416.23046875
3416.734375
3416.23046875
3416.734375
3416.734375
3416.734375
3416.734375
3416.23046875
3416.734375
3416.234375
3416.73828125
3416.73828125
3416.73828125
3416.73828125
3416.234375
3416.73828125
3416.73828125
3416.7421875
3416.7421875
3416.7421875
3416.7421875
3416.7421875
3416.7421875
3416.7421875
3416.7421875
3416.7421875
3416.7421875
3416.7421875
3416.7421875
3416.7421875
3416.7421875
3416.23828125
3416.7421875
3416.7421875
3416.7421875
3416.7421875
3416.2421875
3416.74609375
3416.2421875
3416.74609375
3416.74609375
3416.74609375
3416.74609375
3416.74609375
3416.2421875
3416.74609375
3416.2421875
3416.74609375
3416.74609375
3416.74609375
3416.74609375
3416.74609375
3416.74609375
3416.74609375
3416.75
3416.75
3416.75
3416.75
3416.75
3416.76171875
3416.76171875
3416.76171875
3416.76171875
3416.76171875
3416.76171875
3416.76171875
3416.2578125
3416.76171875
3416.2578125
3416.76171875
3416.76171875
3416.76171875
3416.76171875
3416.2578125
3416.76171875
3416.76171875
3416.765625
3416.765625
3416.765625
3416.765625
3416.765625
3416.765625
3416.765625
3416.26171875
3416.765625
3416.765625
3416.765625
3416.765625
3416.765625
3416.765625
3416.765625
3416.76953125
3416.76953125
3416.76953125
3416.76953125
3416.76953125
3416.265625
3416.76953125
3416.265625
3416.76953125
3416.76953125
3416.76953125
3416.76953125
3416.265625
3416.76953125
3416.76953125
3416.76953125
3416.76953125
3416.76953125
3416.76953125
3416.76953125
3416.265625
3416.76953125
3416.26953125
3416.7734375
3416.7734375
3416.7734375
3416.7734375
3416.26953125
3416.7734375
3416.26953125
3416.7734375
3416.7734375
3416.7734375
3416.7734375
3416.26953125
3416.7734375
3416.7734375
3416.7734375
3416.7734375
3416.7734375
3416.7734375
3416.7734375
3416.77734375
3416.77734375
3416.77734375
3416.77734375
3416.77734375
3416.77734375
3416.77734375
3416.77734375
3416.77734375
3416.77734375
3416.77734375
3416.77734375
3416.77734375
3416.77734375
3416.2734375
3416.77734375
3416.27734375
3416.78125
3416.78125
3416.78125
3416.78125
3416.27734375
3416.78125
3416.27734375
3416.78125
3416.78125
3416.78125
3416.78125
3416.27734375
3416.78125
3416.78125
3416.78125
3416.78125
3416.78125
3416.78125
3416.78125
3416.78125
3416.78125
3416.78515625
3416.78515625
3416.78515625
3416.78515625
3416.78515625
3416.28125
3416.78515625
3416.28125
3416.78515625
3416.78515625
3416.78515625
3416.78515625
3416.28125
3416.78515625
3416.28515625
3416.7890625
3416.7890625
3416.7890625
3416.7890625
3416.28515625
3416.7890625
3416.28515625
3416.7890625
3416.7890625
3416.7890625
3416.7890625
3416.7890625
3416.7890625
3416.7890625
3416.7890625
3416.7890625
3416.7890625
3416.7890625
3416.7890625
3416.28515625
3416.7890625
3416.2890625
3416.79296875
3416.79296875
3416.79296875
3416.79296875
3416.2890625
3416.79296875
3416.2890625
3416.79296875
3416.79296875
3416.79296875
3416.79296875
3416.2890625
3416.79296875
3416.29296875
3416.796875
3416.796875
3416.796875
3416.796875
3416.29296875
3416.796875
3416.29296875
3416.796875
3416.796875
3416.796875
3416.796875
3416.29296875
3416.796875
3416.29296875
3416.796875
3416.796875
3416.796875
3416.796875
3416.3125
3416.81640625
3416.31640625
3416.8203125
3416.8203125
3416.8203125
3416.8203125
3416.8203125
3416.8203125
3416.8203125
3416.8203125
3416.8203125
3416.8203125
3416.8203125
3416.8203125
3416.31640625
3416.8203125
3416.31640625
3416.8203125
3416.8203125
3416.8203125
3416.8203125
3416.31640625
3416.8203125
3416.8203125
3416.82421875
3416.82421875
3416.82421875
3416.82421875
3416.82421875
3416.82421875
3416.82421875
3416.82421875
3416.82421875
3416.82421875
3416.82421875
3416.82421875
3416.3203125
3416.82421875
3416.32421875
3416.828125
3416.828125
3416.828125
3416.828125
3416.32421875
3416.828125
3416.32421875
3416.828125
3416.828125
3416.828125
3416.828125
3416.828125
3416.828125
3416.828125
3416.828125
3416.828125
3416.828125
3416.828125
3416.828125
3416.828125
3416.828125
3416.328125
3416.83203125
3416.83203125
3416.83203125
3416.83203125
3416.328125
3416.83203125
3416.83203125
3416.83203125
3416.83203125
3416.83203125
3416.83203125
3416.83203125
3416.83203125
3416.83203125
3416.83203125
3416.83203125
3416.83203125
3416.83203125
3416.83203125
3416.33203125
3416.8359375
3416.3359375
3416.83984375
3416.83984375
3416.83984375
3416.83984375
3416.3359375
3416.83984375
3416.3359375
3416.83984375
3416.83984375
3416.83984375
3416.83984375
3416.3359375
3416.83984375
3416.33984375
3416.84375
3416.84375
3416.84375
3416.84375
3416.84375
3416.84375
3416.84375
3416.84375
3416.84375
3416.84375
3416.84375
3416.84375
3416.84375
3416.84375
3416.33984375
3416.84375
3416.84375
3416.84375
3416.84375
3416.33984375
3416.84375
3416.34375
3416.84765625
3416.84765625
3416.84765625
3416.84765625
3416.34375
3416.84765625
3416.84765625
3416.84765625
3416.84765625
3416.84765625
3416.84765625
3416.84765625
3416.84765625
3416.84765625
3416.8515625
3416.8515625
3416.8515625
3416.8515625
3416.8515625
3416.34765625
3416.8515625
3416.34765625
3416.8515625
3416.8515625
3416.8515625
3416.8515625
3416.34765625
3416.8515625
3416.34765625
3416.8515625
3416.8515625
3416.8515625
3416.8515625
3416.34765625
3416.8515625
3416.8515625
3416.85546875
3416.85546875
3416.85546875
3416.85546875
3416.85546875
3416.85546875
3416.85546875
3416.85546875
3416.85546875
3416.85546875
3416.85546875
3416.85546875
3416.85546875
3416.85546875
3416.859375
3416.859375
3416.859375
3416.859375
3416.859375
3416.35546875
3416.859375
3416.35546875
3416.859375
3416.859375
3416.859375
3416.859375
3416.35546875
3416.859375
3416.35546875
3416.859375
3416.859375
3416.859375
3416.859375
3416.35546875
3416.859375
3416.359375
3416.86328125
3416.86328125
3416.86328125
3416.86328125
3416.359375
3416.86328125
3416.86328125
3416.86328125
3416.86328125
3416.86328125
3416.86328125
3416.86328125
3416.86328125
3416.86328125
3416.86328125
3416.86328125
3416.86328125
3416.86328125
3416.86328125
3416.86328125
3416.36328125
3416.8671875
3416.8671875
3416.8671875
3416.8671875
3416.36328125
3416.8671875
3416.8671875
3416.8671875
3416.8671875
3416.8671875
3416.8671875
3416.8671875
3416.8671875
3416.8671875
3416.87109375
3416.87109375
3416.87109375
3416.87109375
3416.87109375
3416.87109375
3416.87109375
3416.87109375
3416.87109375
3416.87109375
3416.87109375
3416.87109375
3416.87109375
3416.87109375
3416.3671875
3416.87109375
3416.87109375
3416.87109375
3416.87109375
3416.3671875
3416.87109375
3416.37109375
3416.875
3416.875
3416.875
3416.875
3416.37109375
3416.875
3416.875
3416.875
3416.875
3416.875
3416.875
3416.875
3416.875
3416.875
3416.87890625
3416.87890625
3416.87890625
3416.87890625
3416.87890625
3416.375
3416.87890625
3416.375
3416.87890625
3416.87890625
3416.87890625
3416.87890625
3416.375
3416.87890625
3416.375
3416.87890625
3416.87890625
3416.87890625
3416.87890625
3416.87890625
3416.87890625
3416.87890625
3416.37890625
3416.8828125
3416.8828125
3416.8828125
3416.8828125
3416.37890625
3416.8828125
3416.37890625
3416.8828125
3416.8828125
3416.8828125
3416.8828125
3416.8828125
3416.8828125
3416.3828125
3416.88671875
3416.88671875
3416.88671875
3416.88671875
3416.3828125
3416.88671875
3416.3828125
3416.88671875
3416.88671875
3416.88671875
3416.88671875
3416.3828125
3416.88671875
3416.3828125
3416.88671875
3416.88671875
3416.88671875
3416.88671875
3416.3828125
3416.88671875
3416.38671875
3416.890625
3416.890625
3416.890625
3416.890625
3416.38671875
3416.890625
3416.38671875
3416.890625
3416.890625
3416.890625
3416.890625
3416.890625
3416.890625
3416.890625
3416.89453125
3416.89453125
3416.89453125
3416.89453125
3416.39453125
3416.8984375
3416.39453125
3416.8984375
3416.8984375
3416.8984375
3416.8984375
3416.8984375
3416.8984375
3416.8984375
3416.8984375
3416.8984375
3416.8984375
3416.39453125
3416.8984375
3416.90234375
3416.90234375
3416.90234375
3416.90234375
3416.3984375
3416.90234375
3416.3984375
3416.90234375
3416.90234375
3416.90234375
3416.90234375
3416.90234375
3416.90234375
3416.90234375
3416.90234375
3416.90234375
3416.90234375
3416.90234375
3416.90234375
3416.40234375
3416.90625
3416.90625
3416.90625
3416.40234375
3416.90625
3416.90625
3416.90625
3416.90625
3416.90625
3416.90625
3416.40234375
3416.90625
3416.40625
3416.91015625
3416.91015625
3416.91015625
3416.91015625
3416.91015625
3416.91015625
3416.91015625
3416.91015625
3416.91015625
3416.91015625
3416.40625
3416.91015625
3416.40625
3416.91015625
3416.91015625
3416.91015625
3416.91015625
3416.91015625
3416.91015625
3416.41015625
3416.9140625
3416.9140625
3416.9140625
3416.9140625
3416.41015625
3416.9140625
3416.41015625
3416.9140625
3416.9140625
3416.9140625
3416.9140625
3416.9140625
3416.4140625
3416.91796875
3416.91796875
3416.91796875
3416.91796875
3416.4140625
3416.91796875
3416.91796875
3416.91796875
3416.91796875
3416.91796875
3416.91796875
3416.91796875
3416.91796875
3416.4140625
3416.91796875
3416.91796875
3416.91796875
3416.91796875
3416.91796875
3416.91796875
3416.921875
3416.921875
3416.921875
3416.921875
3416.41796875
3416.921875
3416.41796875
3416.921875
3416.921875
3416.921875
3416.41796875
3416.921875
3416.41796875
3416.921875
3416.921875
3416.921875
3416.921875
3416.41796875
3416.921875
3416.421875
3416.92578125
3416.92578125
3416.92578125
3416.92578125
3416.92578125
3416.92578125
3416.92578125
3416.92578125
3416.92578125
3416.92578125
3416.421875
3416.92578125
3416.42578125
3416.9296875
3416.9296875
3416.9296875
3416.9296875
3416.42578125
3416.9296875
3416.42578125
3416.9296875
3416.9296875
3416.9296875
3416.9296875
3416.42578125
3416.9296875
3416.9296875
3416.9296875
3416.9296875
3416.9296875
3416.9296875
3416.9296875
3416.9296875
3416.9296875
3416.4296875
3416.93359375
3416.93359375
3416.93359375
3416.93359375
3416.4296875
3416.93359375
3416.4296875
3416.93359375
3416.93359375
3416.93359375
3416.93359375
3416.4296875
3416.93359375
3416.93359375
3416.9375
3416.9375
3416.9375
3416.9375
3416.9375
3416.43359375
3416.9375
3416.43359375
3416.9375
3416.9375
3416.9375
3416.9375
3416.43359375
3416.9375
3416.9375
3416.9375
3416.9375
3416.9375
3416.9375
3416.9375
3416.9375
3416.9375
3416.4375
3416.94140625
3416.94140625
3416.94140625
3416.94140625
3416.4375
3416.94140625
3416.94140625
3416.94140625
3416.94140625
3416.94140625
3416.94140625
3416.94140625
3416.94140625
3416.44140625
3416.9453125
3416.9453125
3416.9453125
3416.9453125
3416.44140625
3416.9453125
3416.44140625
3416.9453125
3416.9453125
3416.9453125
3416.44140625
3416.9453125
3416.44140625
3416.9453125
3416.9453125
3416.9453125
3416.9453125
3416.9453125
3416.9453125
3416.94921875
3416.94921875
3416.94921875
3416.94921875
3416.4453125
3416.94921875
3416.4453125
3416.94921875
3416.94921875
3416.94921875
3416.4453125
3416.94921875
3416.44921875
3416.953125
3416.953125
3416.953125
3416.953125
3416.953125
3416.953125
3416.953125
3416.953125
3416.953125
3416.953125
3416.953125
3416.953125
3416.953125
3416.953125
3416.953125
3416.953125
3416.953125
3416.953125
3416.453125
3416.95703125
3416.95703125
3416.95703125
3416.95703125
3416.95703125
3416.95703125
3416.95703125
3416.95703125
3416.95703125
3416.95703125
3416.453125
3416.95703125
3416.453125
3416.95703125
3416.95703125
3416.95703125
3416.95703125
3416.45703125
3416.9609375
3416.45703125
3416.9609375
3416.9609375
3416.9609375
3416.9609375
3416.45703125
3416.9609375
3416.45703125
3416.9609375
3416.9609375
3416.9609375
3416.9609375
3416.45703125
3416.9609375
3416.96484375
3416.96484375
3416.96484375
3416.96484375
3416.4609375
3416.96484375
3416.96484375
3416.96484375
3416.96484375
3416.96484375
3416.4609375
3416.96484375
3416.4609375
3416.96484375
3416.96484375
3416.96484375
3416.4609375
3416.96484375
3416.46484375
3416.96875
3416.96875
3416.96875
3416.96875
3416.96875
3416.96875
3416.96875
3416.96875
3416.96875
3416.96875
3416.96875
3416.96875
3416.97265625
3416.97265625
3416.97265625
3416.97265625
3416.46875
3416.97265625
3416.97265625
3416.97265625
3416.97265625
3416.97265625
3416.97265625
3416.97265625
3416.97265625
3416.97265625
3416.97265625
3416.97265625
3416.97265625
3416.46875
3416.97265625
3416.47265625
3416.9765625
3416.9765625
3416.9765625
3416.47265625
3416.9765625
3416.47265625
3416.9765625
3416.9765625
3416.9765625
3416.9765625
3416.9765625
3416.9765625
3416.98046875
3416.98046875
3416.98046875
3416.98046875
3416.98046875
3416.98046875
3416.4765625
3416.98046875
3416.98046875
3416.98046875
3416.98046875
3416.98046875
3416.98046875
3416.4765625
3416.98046875
3416.98046875
3416.98046875
3416.98046875
3416.4765625
3416.98046875
3416.48046875
3416.984375
3416.984375
3416.984375
3416.984375
3416.984375
3416.48046875
3416.984375
3416.984375
3416.984375
3416.984375
3416.984375
3416.984375
3416.48046875
3416.984375
3416.984375
3416.984375
3416.984375
3416.984375
3416.484375
3416.98828125
3416.98828125
3416.98828125
3416.98828125
3416.484375
3416.98828125
3416.98828125
3416.98828125
3416.98828125
3416.98828125
3416.98828125
3416.484375
3416.98828125
3416.48828125
3416.9921875
3416.9921875
3416.9921875
3416.9921875
3416.48828125
3416.9921875
3416.48828125
3416.9921875
3416.9921875
3416.9921875
3416.9921875
3416.9921875
3416.9921875
3416.9921875
3416.9921875
3416.9921875
3416.9921875
3416.9921875
3416.9921875
3416.9921875
3416.4921875
3416.99609375
3416.99609375
3416.99609375
3416.99609375
3416.4921875
3416.99609375
3416.4921875
3416.99609375
3416.99609375
3416.99609375
3416.99609375
3416.4921875
3416.99609375
3416.99609375
3417.0
3417.0
3417.0
3417.0
3417.0
3417.0
3417.0
3417.0
3417.0
3417.0
3417.0
3416.49609375
3417.0
3416.49609375
3417.0
3417.0
3417.0
3417.0
3417.0
3417.0
3417.0
3417.00390625
3417.00390625
3417.00390625
3417.00390625
3417.00390625
3417.00390625
3417.00390625
3417.00390625
3417.00390625
3417.00390625
3417.00390625
3416.5
3417.00390625
3416.5
3417.00390625
3417.00390625
3417.00390625
3417.00390625
3417.0078125
3417.0078125
3417.0078125
3417.0078125
3417.0078125
3417.0078125
3416.50390625
3417.0078125
3416.50390625
3417.0078125
3417.0078125
3417.0078125
3417.0078125
3416.50390625
3417.0078125
3417.01171875
3417.01171875
3417.01171875
3417.01171875
3417.01171875
3417.01171875
3417.01171875
3417.01171875
3417.01171875
3417.01171875
3417.01171875
3416.5078125
3417.01171875
3416.5078125
3417.01171875
3417.01171875
3417.01171875
3417.01171875
3416.5078125
3417.01171875
3416.51171875
3417.015625
3417.015625
3417.015625
3417.015625
3416.51171875
3417.015625
3417.015625
3417.015625
3417.015625
3417.015625
3417.015625
3417.015625
3417.015625
3417.01953125
3417.01953125
3417.01953125
3417.01953125
3416.515625
3417.01953125
3416.515625
3417.01953125
3417.01953125
3417.01953125
3417.01953125
3417.01953125
3417.01953125
3417.01953125
3417.01953125
3417.01953125
3417.01953125
3417.01953125
3417.01953125
3417.01953125
3417.0234375
3417.0234375
3417.0234375
3417.0234375
3416.51953125
3417.0234375
3416.51953125
3417.0234375
3417.0234375
3417.0234375
3417.0234375
3416.51953125
3417.0234375
3416.5234375
3417.02734375
3417.02734375
3417.02734375
3417.02734375
3417.02734375
3417.02734375
3416.5234375
3417.02734375
3417.02734375
3417.02734375
3417.02734375
3417.02734375
3417.02734375
3417.02734375
3417.02734375
3417.02734375
3417.02734375
3416.53125
3417.03515625
3416.5390625
3417.04296875
3417.04296875
3417.04296875
3417.04296875
3416.5390625
3417.04296875
3417.04296875
3417.04296875
3417.04296875
3417.04296875
3416.5390625
3417.04296875
3417.04296875
3417.04296875
3417.04296875
3417.04296875
3417.04296875
3416.54296875
3417.046875
3416.54296875
3417.046875
3417.046875
3417.046875
3417.046875
3417.046875
3417.046875
3417.046875
3417.046875
3417.046875
3417.046875
3416.54296875
3417.046875
3416.546875
3417.05078125
3417.05078125
3417.05078125
3417.05078125
3416.546875
3417.05078125
3416.546875
3417.05078125
3417.05078125
3417.05078125
3417.05078125
3417.05078125
3417.05078125
3417.05078125
3417.05078125
3417.05078125
3417.05078125
3417.05078125
3417.05078125
3417.05078125
3417.05078125
3417.0546875
3417.0546875
3417.0546875
3417.0546875
3416.55078125
3417.0546875
3417.0546875
3417.0546875
3417.0546875
3417.0546875
3417.0546875
3417.0546875
3417.0546875
3417.05859375
3417.05859375
3417.05859375
3417.05859375
3416.58203125
3417.0859375
3416.58203125
3417.0859375
3417.0859375
3417.0859375
3417.0859375
3416.58203125
3417.0859375
3417.0859375
3417.0859375
3417.0859375
3417.0859375
3417.0859375
3416.58203125
3417.0859375
3416.5859375
3417.08984375
3417.08984375
3417.08984375
3417.08984375
3416.5859375
3417.08984375
3416.5859375
3417.08984375
3417.08984375
3417.08984375
3417.08984375
3417.08984375
3417.08984375
3417.08984375
3417.08984375
3417.08984375
3417.08984375
3416.58984375
3417.09375
3416.58984375
3417.09375
3417.09375
3417.09375
3417.09375
3416.58984375
3417.09375
3417.09375
3417.09375
3417.09375
3417.09375
3417.09375
3417.09375
3416.59375
3417.09765625
3417.09765625
3417.09765625
3417.09765625
3417.09765625
3417.09765625
3417.09765625
3417.09765625
3417.09765625
3417.09765625
3417.09765625
3417.09765625
3417.09765625
3416.59375
3417.09765625
3417.09765625
3417.09765625
3417.09765625
3417.09765625
3417.09765625
3416.59765625
3417.1015625
3417.1015625
3417.1015625
3417.1015625
3417.1015625
3417.1015625
3417.1015625
3417.1015625
3417.1015625
3417.1015625
3417.1015625
3416.59765625
3417.1015625
3416.6015625
3417.10546875
3417.10546875
3417.10546875
3417.10546875
3417.10546875
3417.10546875
3417.10546875
3417.10546875
3417.10546875
3417.10546875
3416.6015625
3417.10546875
3416.6015625
3417.10546875
3417.10546875
3417.10546875
3417.10546875
3417.10546875
3417.10546875
3417.109375
3417.109375
3417.109375
3417.109375
3416.60546875
3417.109375
3416.60546875
3417.109375
3417.109375
3417.109375
3417.109375
3416.60546875
3417.109375
3417.109375
3417.109375
3417.109375
3417.109375
3417.109375
3417.11328125
3417.11328125
3417.11328125
3417.11328125
3417.11328125
3417.11328125
3416.609375
3417.11328125
3416.609375
3417.11328125
3417.11328125
3417.11328125
3417.11328125
3416.609375
3417.11328125
3417.11328125
3417.1171875
3417.1171875
3417.1171875
3417.1171875
3417.1171875
3416.61328125
3417.1171875
3416.61328125
3417.1171875
3417.1171875
3417.1171875
3417.1171875
3417.1171875
3417.1171875
3417.1171875
3417.1171875
3417.1171875
3417.1171875
3416.61328125
3417.1171875
3417.12109375
3417.12109375
3417.12109375
3417.12109375
3416.6171875
3417.12109375
3417.12109375
3417.12109375
3417.12109375
3417.12109375
3416.6171875
3417.12109375
3416.62109375
3417.125
3417.125
3417.125
3417.125
3417.125
3417.125
3417.125
3417.125
3417.125
3417.125
3416.62109375
3417.125
3416.62109375
3417.125
3417.125
3417.125
3417.125
3417.125
3416.625
3417.12890625
3417.12890625
3417.12890625
3417.12890625
3417.12890625
3417.12890625
3417.12890625
3417.12890625
3417.12890625
3417.12890625
3416.625
3417.12890625
3417.1328125
3417.1328125
3417.1328125
3417.1328125
3417.1328125
3417.1328125
3417.1328125
3417.1328125
3417.1328125
3417.1328125
3417.1328125
3416.62890625
3417.1328125
3416.62890625
3417.1328125
3417.1328125
3417.1328125
3416.62890625
3417.1328125
3416.6328125
3417.13671875
3417.13671875
3417.13671875
3417.13671875
3417.13671875
3417.13671875
3417.13671875
3417.13671875
3417.13671875
3417.13671875
3416.6328125
3417.13671875
3416.6328125
3417.13671875
3417.13671875
3417.13671875
3417.13671875
3417.13671875
3417.13671875
3416.63671875
3417.140625
3417.140625
3417.140625
3417.140625
3416.63671875
3417.140625
3416.63671875
3417.140625
3417.140625
3417.140625
3417.140625
3416.63671875
3417.140625
3416.640625
3417.14453125
3417.14453125
3417.14453125
3417.14453125
3417.14453125
3417.14453125
3416.640625
3417.14453125
3417.14453125
3417.14453125
3417.14453125
3417.14453125
3417.14453125
3416.640625
3417.14453125
3417.14453125
3417.14453125
3417.14453125
3416.640625
3417.14453125
3416.64453125
3417.1484375
3417.1484375
3417.1484375
3417.1484375
3416.64453125
3417.1484375
3416.64453125
3417.1484375
3417.1484375
3417.1484375
3417.1484375
3416.64453125
3417.1484375
3417.1484375
3417.1484375
3417.1484375
3417.1484375
3417.1484375
3417.1484375
3417.15234375
3417.15234375
3417.15234375
3417.15234375
3417.15234375
3417.15234375
3416.6484375
3417.15234375
3416.6484375
3417.15234375
3417.15234375
3417.15234375
3417.15234375
3416.6484375
3417.15234375
3416.65234375
3417.15625
3417.15625
3417.15625
3417.15625
3417.15625
3417.15625
3417.15625
3417.15625
3417.15625
3417.15625
3416.65234375
3417.15625
3416.65234375
3417.15625
3417.15625
3417.15625
3417.15625
3417.15625
3417.15625
3417.15625
3417.16015625
3417.16015625
3417.16015625
3417.16015625
3417.16015625
3417.16015625
3417.16015625
3417.16015625
3417.16015625
3417.16015625
3417.16015625
3416.65625
3417.16015625
3416.66015625
3417.1640625
3417.1640625
3417.1640625
3417.1640625
3417.1640625
3417.1640625
3417.1640625
3417.1640625
3417.1640625
3417.1640625
3417.1640625
3417.1640625
3417.1640625
3417.1640625
3417.1640625
3417.1640625
3417.1640625
3416.66015625
3417.1640625
3416.6640625
3417.16796875
3417.16796875
3417.16796875
3417.16796875
3416.6640625
3417.16796875
3416.6640625
3417.16796875
3417.16796875
3417.16796875
3417.16796875
3416.6640625
3417.16796875
3416.66796875
3417.171875
3417.171875
3417.171875
3417.171875
3416.66796875
3417.171875
3417.171875
3417.171875
3417.171875
3417.171875
3416.66796875
3417.171875
3416.66796875
3417.171875
3417.171875
3417.171875
3417.171875
3416.66796875
3417.171875
3416.671875
3417.17578125
3417.17578125
3417.17578125
3417.17578125
3416.671875
3416.671875
3417.17578125
3417.17578125
3417.17578125
3417.17578125
3417.17578125
3416.671875
3417.17578125
3416.671875
3417.17578125
3417.17578125
3417.17578125
3417.17578125
3416.67578125
3417.1796875
3416.67578125
3417.1796875
3417.1796875
3417.1796875
3417.1796875
3417.1796875
3417.1796875
3417.1796875
3417.1796875
3417.1796875
3417.1796875
3417.1796875
3417.1796875
3417.1796875
3417.1875
3417.1875
3417.1875
3417.1875
3416.68359375
3417.1875
3416.68359375
3417.1875
3417.1875
3417.1875
3417.1875
3416.68359375
3417.1875
3416.68359375
3417.1875
3417.1875
3417.1875
3417.1875
3416.68359375
3417.1875
3417.19140625
3417.19140625
3417.19140625
3417.19140625
3417.19140625
3417.19140625
3416.6875
3417.19140625
3417.19140625
3417.19140625
3417.19140625
3416.6875
3416.6875
3416.69140625
3417.1953125
3417.1953125
3417.1953125
3417.1953125
3417.1953125
3417.1953125
3417.1953125
3417.1953125
3417.1953125
3417.1953125
3417.1953125
3417.1953125
3416.69140625
3417.1953125
3417.1953125
3417.1953125
3417.1953125
3417.1953125
3417.1953125
3416.6953125
3417.19921875
3417.19921875
3417.19921875
3417.19921875
3417.19921875
3417.19921875
3417.19921875
3417.19921875
3417.19921875
3417.19921875
3416.6953125
3417.19921875
3416.69921875
3417.203125
3417.203125
3417.203125
3417.203125
3417.203125
3417.203125
3417.203125
3417.203125
3417.203125
3417.203125
3416.69921875
3417.203125
3416.69921875
3417.203125
3417.203125
3417.203125
3417.203125
3416.69921875
3417.203125
3416.703125
3417.20703125
3417.20703125
3417.20703125
3417.20703125
3416.703125
3417.20703125
3417.20703125
3417.20703125
3417.20703125
3417.20703125
3417.20703125
3417.20703125
3417.20703125
3417.20703125
3417.20703125
3417.20703125
3417.20703125
3416.70703125
3417.2109375
3416.70703125
3417.2109375
3417.2109375
3417.2109375
3417.2109375
3416.70703125
3417.2109375
3416.70703125
3417.2109375
3417.2109375
3417.2109375
3417.2109375
3417.2109375
3417.2109375
3417.21484375
3417.21484375
3417.21484375
3417.21484375
3416.7109375
3417.21484375
3417.21484375
3417.21484375
3417.21484375
3417.21484375
3416.7109375
3417.21484375
3416.7109375
3417.21484375
3417.21484375
3417.21484375
3417.21484375
3416.7109375
3417.21484375
3416.71484375
3417.21875
3417.21875
3417.21875
3417.21875
3417.21875
3417.21875
3417.21875
3417.21875
3417.21875
3417.21875
3416.71484375
3417.21875
3416.71875
3417.22265625
3417.22265625
3417.22265625
3417.22265625
3416.71875
3417.22265625
3416.71875
3417.22265625
3417.22265625
3417.22265625
3417.22265625
3417.22265625
3417.22265625
3417.22265625
3417.22265625
3417.22265625
3417.22265625
3416.71875
3417.22265625
3416.72265625
3417.2265625
3417.2265625
3417.2265625
3416.72265625
3417.2265625
3416.72265625
3417.2265625
3417.2265625
3417.2265625
3417.2265625
3416.72265625
3417.2265625
3416.72265625
3417.2265625
3417.2265625
3417.2265625
3417.2265625
3416.72265625
3417.2265625
3416.7265625
3417.23046875
3417.23046875
3417.23046875
3417.23046875
3417.23046875
3417.23046875
3417.23046875
3417.23046875
3417.23046875
3417.23046875
3416.7265625
3417.23046875
3416.73046875
3417.234375
3417.234375
3417.234375
3417.234375
3416.73046875
3417.234375
3416.73046875
3417.234375
3417.234375
3417.234375
3417.234375
3417.234375
3417.234375
3417.234375
3417.234375
3417.234375
3417.234375
3416.73046875
3417.234375
3416.734375
3417.23828125
3417.23828125
3417.23828125
3417.23828125
3416.734375
3417.23828125
3416.734375
3417.23828125
3417.23828125
3417.23828125
3417.23828125
3417.23828125
3417.23828125
3417.2421875
3417.2421875
3417.2421875
3417.2421875
3416.73828125
3417.2421875
3416.73828125
3417.2421875
3417.2421875
3417.2421875
3417.2421875
3416.73828125
3417.2421875
3416.73828125
3417.2421875
3417.2421875
3417.2421875
3417.2421875
3416.73828125
3417.2421875
3416.7421875
3417.24609375
3417.24609375
3417.24609375
3417.24609375
3417.24609375
3416.7421875
3417.24609375
3417.24609375
3417.24609375
3417.24609375
3417.24609375
3417.24609375
3417.25
3417.25
3417.25
3417.25
3417.25
3417.25
3416.74609375
3417.25
3417.25
3417.25
3417.25
3416.74609375
3417.25
3416.74609375
3417.25
3417.25
3417.25
3417.25
3417.25
3417.25
3417.25390625
3417.25390625
3417.25390625
3417.25390625
3417.25390625
3417.25390625
3416.75
3417.25390625
3417.25390625
3417.25390625
3417.25390625
3417.25390625
3417.25390625
3416.75
3417.25390625
3417.25390625
3417.25390625
3417.25390625
3417.2578125
3417.2578125
3417.2578125
3417.2578125
3417.2578125
3417.2578125
3416.75390625
3417.2578125
3416.75390625
3417.2578125
3417.2578125
3417.2578125
3417.2578125
3416.75390625
3417.2578125
3416.7578125
3417.26171875
3417.26171875
3417.26171875
3417.26171875
3417.26171875
3417.26171875
3417.26171875
3417.26171875
3417.26171875
3417.26171875
3417.26171875
3417.26171875
3417.26171875
3417.26171875
3417.26171875
3417.26171875
3417.26171875
3417.26171875
3417.26171875
3417.26171875
3417.265625
3417.265625
3417.265625
3417.265625
3417.265625
3416.76171875
3417.265625
3416.76171875
3417.265625
3417.265625
3417.265625
3417.265625
3416.76171875
3417.265625
3416.765625
3417.26953125
3417.26953125
3417.26953125
3417.26953125
3417.26953125
3417.26953125
3417.26953125
3417.26953125
3417.26953125
3417.26953125
3416.765625
3417.26953125
3416.765625
3417.26953125
3417.26953125
3417.26953125
3417.26953125
3416.765625
3417.26953125
3416.76953125
3417.2734375
3417.2734375
3417.2734375
3417.2734375
3416.76953125
3417.2734375
3416.76953125
3417.2734375
3417.2734375
3417.2734375
3416.76953125
3417.2734375
3416.7734375
3417.27734375
3417.27734375
3417.27734375
3417.27734375
3416.7734375
3417.27734375
3417.27734375
3417.27734375
3417.27734375
3417.27734375
3416.7734375
3417.27734375
3417.27734375
3417.27734375
3417.27734375
3417.27734375
3416.7734375
3417.27734375
3416.77734375
3417.28125
3417.28125
3417.28125
3417.28125
3416.77734375
3417.28125
3417.28125
3417.28125
3417.28125
3417.28125
3417.28125
3417.28125
3417.28125
3417.28125
3417.28125
3417.28125
3417.28125
3416.78125
3417.28515625
3416.78125
3417.28515625
3417.28515625
3417.28515625
3417.28515625
3417.28515625
3417.28515625
3417.28515625
3417.28515625
3417.28515625
3417.28515625
3416.78125
3417.28515625
3416.78515625
3417.2890625
3417.2890625
3417.2890625
3417.2890625
3417.2890625
3417.2890625
3417.2890625
3417.2890625
3417.2890625
3417.2890625
3416.78515625
3417.2890625
3416.78515625
3417.2890625
3417.2890625
3417.2890625
3417.2890625
3416.78515625
3417.2890625
3416.7890625
3417.29296875
3417.29296875
3417.29296875
3417.29296875
3416.7890625
3417.29296875
3416.7890625
3417.29296875
3417.29296875
3417.29296875
3417.29296875
3417.29296875
3417.29296875
3417.296875
3417.296875
3417.296875
3417.296875
3417.296875
3417.296875
3416.79296875
3417.296875
3417.296875
3417.296875
3417.296875
3416.79296875
3417.296875
3416.79296875
3417.296875
3417.296875
3417.296875
3417.296875
3417.296875
3417.296875
3417.30078125
3417.30078125
3417.30078125
3417.30078125
3417.30078125
3417.30078125
3417.30078125
3417.30078125
3417.30078125
3417.30078125
3417.30078125
3417.30078125
3417.30078125
3416.80078125
3417.3046875
3417.3046875
3417.3046875
3417.3046875
3416.80078125
3417.3046875
3416.80078125
3417.3046875
3417.3046875
3417.3046875
3417.3046875
3417.3046875
3417.3046875
3417.3046875
3417.3046875
3417.3046875
3417.3046875
3417.3046875
3417.3046875
3417.3046875
3416.8046875
3417.30859375
3417.30859375
3417.30859375
3417.30859375
3417.30859375
3417.30859375
3417.30859375
3417.30859375
3417.30859375
3417.30859375
3416.8046875
3417.30859375
3416.80859375
3417.3125
3417.3125
3417.3125
3417.3125
3416.80859375
3417.3125
3416.80859375
3417.3125
3417.3125
3417.3125
3417.3125
3417.3125
3417.3125
3417.3125
3417.3125
3417.3125
3417.3125
3416.80859375
3417.3125
3416.8125
3417.31640625
3417.31640625
3417.31640625
3417.31640625
3417.31640625
3417.31640625
3417.31640625
3417.31640625
3417.31640625
3417.31640625
3417.31640625
3417.31640625
3417.31640625
3417.31640625
3417.31640625
3417.31640625
3417.31640625
3417.31640625
3416.81640625
3417.3203125
3417.3203125
3417.3203125
3417.3203125
3417.3203125
3417.3203125
3417.3203125
3417.3203125
3417.3203125
3417.3203125
3417.3203125
3417.3203125
3417.3203125
3417.3203125
3416.8203125
3417.32421875
3417.32421875
3417.32421875
3417.32421875
3416.8203125
3417.32421875
3416.8203125
3417.32421875
3417.32421875
3417.32421875
3417.32421875
3417.32421875
3416.8203125
3417.32421875
3417.32421875
3417.32421875
3417.32421875
3416.8203125
3417.32421875
3416.82421875
3417.328125
3417.328125
3417.328125
3416.82421875
3417.328125
3417.328125
3417.328125
3417.328125
3417.328125
3416.82421875
3417.328125
3416.828125
3417.33203125
3417.33203125
3417.33203125
3417.33203125
3416.828125
3417.33203125
3417.33203125
3417.33203125
3417.33203125
3417.33203125
3416.828125
3417.33203125
3416.828125
3417.33203125
3417.33203125
3417.33203125
3417.33203125
3417.33203125
3417.33203125
3417.3359375
3417.3359375
3417.3359375
3417.3359375
3417.3359375
3417.3359375
3417.3359375
3417.3359375
3417.3359375
3417.3359375
3417.3359375
3417.3359375
3416.8359375
3417.33984375
3417.33984375
3417.33984375
3417.33984375
3417.33984375
3417.33984375
3417.33984375
3417.33984375
3417.33984375
3417.33984375
3417.3203125
3417.33984375
3417.33984375
3417.33984375
3417.33984375
3417.33984375
3416.8359375
3417.33984375
3416.83984375
3417.34375
3417.34375
3417.34375
3416.83984375
3417.34375
3416.83984375
3417.34375
3417.34375
3417.34375
3417.34375
3417.34375
3417.34375
3417.34375
3417.34375
3417.34375
3417.34375
3416.83984375
3417.34375
3416.84375
3417.34765625
3417.34765625
3417.34765625
3417.34765625
3417.34765625
3417.34765625
3417.34765625
3417.34765625
3417.34765625
3417.34765625
3416.84375
3417.34765625
3416.84765625
3417.3515625
3417.3515625
3417.3515625
3417.3515625
3417.3515625
3417.3515625
3417.3515625
3417.3515625
3417.3515625
3417.3515625
3417.3515625
3417.3515625
3417.3515625
3417.3515625
3417.3515625
3417.3515625
3417.3515625
3417.3515625
3417.3515625
3416.8515625
3417.35546875
3417.35546875
3417.35546875
3417.35546875
3417.35546875
3417.35546875
3417.35546875
3417.35546875
3417.35546875
3417.35546875
3416.8515625
3417.35546875
3416.85546875
3417.359375
3417.359375
3417.359375
3417.359375
3416.85546875
3417.359375
3416.85546875
3417.359375
3417.359375
3417.359375
3417.359375
3417.359375
3417.359375
3417.359375
3417.359375
3417.359375
3417.359375
3416.85546875
3417.359375
3416.859375
3417.36328125
3417.36328125
3417.36328125
3417.36328125
3417.36328125
3417.36328125
3417.36328125
3417.36328125
3417.36328125
3417.36328125
3416.859375
3417.36328125
3416.859375
3417.36328125
3417.36328125
3417.36328125
3417.36328125
3417.36328125
3417.36328125
3417.3671875
3417.3671875
3417.3671875
3417.3671875
3417.3671875
3417.3671875
3417.3671875
3417.3671875
3417.3671875
3417.3671875
3417.3671875
3416.86328125
3417.3671875
3417.37109375
3417.37109375
3417.37109375
3417.37109375
3416.8671875
3417.37109375
3416.8671875
3417.37109375
3417.37109375
3417.37109375
3417.37109375
3416.8671875
3417.37109375
3417.37109375
3417.37109375
3417.37109375
3417.37109375
3416.8671875
3417.37109375
3416.87109375
3417.375
3417.375
3417.375
3417.375
3416.87109375
3417.375
3416.87109375
3417.375
3417.375
3417.375
3417.375
3417.375
3416.875
3417.37890625
3417.37890625
3417.37890625
3417.37890625
3416.875
3417.37890625
3416.875
3417.37890625
3417.37890625
3417.37890625
3417.37890625
3417.37890625
3416.875
3417.37890625
3417.37890625
3417.37890625
3417.37890625
3416.875
3417.37890625
3416.87890625
3417.3828125
3417.3828125
3417.3828125
3417.3828125
3417.3828125
3417.3828125
3417.3828125
3417.3828125
3417.3828125
3417.3828125
3416.87890625
3417.3828125
3416.8828125
3417.38671875
3417.38671875
3417.38671875
3417.38671875
3417.38671875
3416.8828125
3417.38671875
3417.38671875
3417.38671875
3417.38671875
3416.8828125
3417.38671875
3416.8828125
3417.38671875
3417.38671875
3417.38671875
3417.38671875
3417.38671875
3417.38671875
3417.390625
3417.390625
3417.390625
3417.390625
3416.88671875
3417.390625
3416.88671875
3417.390625
3417.390625
3417.390625
3417.390625
3417.390625
3417.390625
3417.390625
3417.390625
3417.390625
3417.390625
3416.88671875
3417.390625
3416.890625
3417.39453125
3417.39453125
3417.39453125
3417.39453125
3416.890625
3417.39453125
3416.890625
3417.39453125
3417.39453125
3417.39453125
3417.39453125
3417.39453125
3417.39453125
3417.3984375
3417.3984375
3417.3984375
3417.3984375
3417.3984375
3417.3984375
3417.3984375
3417.3984375
3417.3984375
3417.3984375
3417.3984375
3417.3984375
3417.3984375
3416.89453125
3417.3984375
3417.3984375
3417.3984375
3417.3984375
3417.3984375
3417.3984375
3416.8984375
3417.40234375
3417.40234375
3417.40234375
3417.40234375
3416.8984375
3417.40234375
3416.8984375
3417.40234375
3417.40234375
3417.40234375
3417.40234375
3416.8984375
3417.40234375
3416.90234375
3417.40625
3417.40625
3417.40625
3417.40625
3417.40625
3416.90234375
3417.40625
3416.90234375
3417.40625
3417.40625
3417.40625
3417.40625
3417.40625
3417.40625
3417.40625
3417.40625
3417.40625
3417.40625
3417.40625
3416.90234375
3417.40625
3416.90625
3417.41015625
3417.41015625
3417.41015625
3417.41015625
3416.90625
3417.41015625
3416.90625
3417.41015625
3417.41015625
3417.41015625
3417.41015625
3417.41015625
3417.41015625
3417.41015625
3417.41015625
3417.41015625
3417.41015625
3417.41015625
3416.90625
3417.41015625
3416.91015625
3417.4140625
3417.4140625
3417.4140625
3417.4140625
3416.91015625
3417.4140625
3416.91015625
3417.4140625
3417.4140625
3417.4140625
3417.4140625
3416.91015625
3417.4140625
3417.4140625
3417.41796875
3417.41796875
3417.41796875
3417.41796875
3416.9140625
3417.41796875
3417.41796875
3417.41796875
3417.41796875
3417.41796875
3417.41796875
3416.9140625
3417.41796875
3417.41796875
3417.41796875
3417.41796875
3417.41796875
3417.41796875
3417.41796875
3416.9140625
3417.41796875
3416.91796875
3417.421875
3417.421875
3417.421875
3417.421875
3417.421875
3417.421875
3417.421875
3417.421875
3417.421875
3417.421875
3417.421875
3417.421875
3417.421875
3417.421875
3417.42578125
3417.42578125
3417.42578125
3417.42578125
3417.42578125
3417.42578125
3416.921875
3417.42578125
3416.921875
3417.42578125
3417.42578125
3417.42578125
3417.42578125
3417.42578125
3416.921875
3417.42578125
3416.921875
3417.42578125
3417.42578125
3417.42578125
3417.42578125
3416.921875
3417.42578125
3416.92578125
3417.4296875
3417.4296875
3417.4296875
3417.4296875
3416.92578125
3417.4296875
3416.92578125
3417.4296875
3417.4296875
3417.4296875
3417.4296875
3416.92578125
3417.4296875
3416.9296875
3417.43359375
3417.43359375
3417.43359375
3417.43359375
3417.43359375
3417.43359375
3417.43359375
3417.43359375
3417.43359375
3417.43359375
3417.43359375
3417.43359375
3417.43359375
3417.43359375
3417.43359375
3417.43359375
3417.43359375
3417.43359375
3417.43359375
3416.9296875
3417.43359375
3416.93359375
3417.4375
3417.4375
3417.4375
3417.4375
3416.93359375
3417.4375
3416.93359375
3417.4375
3417.4375
3417.4375
3417.4375
3416.93359375
3417.4375
3417.4375
3417.4375
3417.4375
3417.4375
3417.4375
3416.93359375
3417.4375
3416.9375
3417.44140625
3417.44140625
3417.44140625
3417.44140625
3417.44140625
3416.9375
3417.44140625
3417.44140625
3417.44140625
3417.44140625
3417.44140625
3417.44140625
3417.44140625
3417.4453125
3417.4453125
3417.4453125
3417.4453125
3416.94140625
3417.4453125
3416.94140625
3417.4453125
3417.4453125
3417.4453125
3417.4453125
3417.4453125
3417.4453125
3417.4453125
3417.4453125
3417.4453125
3417.4453125
3416.94140625
3417.4453125
3416.9453125
3417.44921875
3417.44921875
3417.44921875
3417.44921875
3416.9453125
3417.44921875
3416.9453125
3417.44921875
3417.44921875
3417.44921875
3417.44921875
3417.44921875
3417.44921875
3417.453125
3417.453125
3417.453125
3417.453125
3417.453125
3417.453125
3417.453125
3417.453125
3417.453125
3417.453125
3417.453125
3416.94921875
3417.453125
3416.94921875
3417.453125
3417.453125
3417.453125
3417.453125
3417.453125
3417.453125
3417.45703125
3417.45703125
3417.45703125
3417.45703125
3416.953125
3417.45703125
3417.45703125
3417.45703125
3417.45703125
3417.45703125
3417.45703125
3416.953125
3417.45703125
3416.95703125
3417.4609375
3417.4609375
3417.4609375
3417.4609375
3416.95703125
3417.4609375
3416.95703125
3417.4609375
3417.4609375
3417.4609375
3417.4609375
3417.4609375
3417.4609375
3417.4609375
3417.4609375
3417.4609375
3417.4609375
3416.95703125
3417.4609375
3416.9609375
3417.46484375
3417.46484375
3417.46484375
3417.46484375
3416.9609375
3417.46484375
3417.46484375
3417.46484375
3417.46484375
3417.46484375
3417.46484375
3416.9609375
3417.46484375
3416.9609375
3417.46484375
3417.46484375
3417.46484375
3417.46484375
3416.9609375
3417.46484375
3416.96484375
3417.46875
3417.46875
3417.46875
3417.46875
3417.46875
3417.46875
3416.96484375
3417.46875
3417.46875
3417.46875
3417.46875
3417.46875
3417.46875
3417.47265625
3417.47265625
3417.47265625
3417.47265625
3417.47265625
3417.47265625
3417.47265625
3417.47265625
3417.47265625
3417.47265625
3417.47265625
3417.47265625
3417.47265625
3417.47265625
3417.47265625
3417.47265625
3417.47265625
3417.47265625
3416.96875
3417.47265625
3416.97265625
3417.4765625
3417.4765625
3417.4765625
3417.4765625
3416.97265625
3417.4765625
3416.97265625
3417.4765625
3417.4765625
3417.4765625
3417.4765625
3417.4765625
3417.4765625
3417.48046875
3417.48046875
3417.48046875
3417.48046875
3417.48046875
3417.48046875
3416.9765625
3417.48046875
3417.48046875
3417.48046875
3417.48046875
3417.48046875
3417.48046875
3417.48046875
3417.48046875
3417.48046875
3417.48046875
3417.48046875
3417.48046875
3417.48046875
3417.484375
3417.484375
3417.484375
3417.484375
3416.98046875
3417.484375
3416.98046875
3417.484375
3417.484375
3417.484375
3417.484375
3417.484375
3417.484375
3417.484375
3417.484375
3417.484375
3417.484375
3416.984375
3417.48828125
3416.984375
3417.48828125
3417.48828125
3417.48828125
3417.48828125
3416.984375
3417.48828125
3416.984375
3417.48828125
3417.48828125
3417.48828125
3417.48828125
3417.48828125
3417.48828125
3417.4921875
3417.4921875
3417.4921875
3417.4921875
3416.98828125
3417.4921875
3416.98828125
3417.4921875
3417.4921875
3417.4921875
3417.4921875
3417.4921875
3417.4921875
3417.4921875
3417.4921875
3417.4921875
3417.4921875
3416.98828125
3417.4921875
3416.9921875
3417.49609375
3417.49609375
3417.49609375
3417.49609375
3417.49609375
3417.49609375
3416.9921875
3417.49609375
3417.49609375
3417.49609375
3417.49609375
3417.49609375
3416.99609375
3417.5
3417.5
3417.5
3417.5
3417.5
3417.5
3417.5
3417.5
3417.5
3417.5
3416.99609375
3417.5
3417.5
3417.5
3417.5
3417.5
3417.5
3416.99609375
3417.5
3417.0
3417.50390625
3417.50390625
3417.50390625
3417.50390625
3417.0
3417.50390625
3417.50390625
3417.50390625
3417.50390625
3417.50390625
3417.50390625
3417.50390625
3417.50390625
3417.50390625
3417.50390625
3417.50390625
3417.50390625
3417.50390625
3417.00390625
3417.5078125
3417.00390625
3417.5078125
3417.5078125
3417.5078125
3417.5078125
3417.5078125
3417.5078125
3417.5078125
3417.5078125
3417.5078125
3417.5078125
3417.00390625
3417.00390625
3417.0078125
3417.51171875
3417.51171875
3417.51171875
3417.51171875
3417.0078125
3417.51171875
3417.0078125
3417.51171875
3417.51171875
3417.51171875
3417.51171875
3417.0078125
3417.51171875
3417.0078125
3417.51171875
3417.51171875
3417.51171875
3417.51171875
3417.0078125
3417.51171875
3417.01171875
3417.515625
3417.515625
3417.515625
3417.515625
3417.01171875
3417.515625
3417.515625
3417.515625
3417.515625
3417.515625
3417.515625
3417.515625
3417.015625
3417.51953125
3417.51953125
3417.51953125
3417.51953125
3417.015625
3417.51953125
3417.51953125
3417.51953125
3417.51953125
3417.51953125
3417.51953125
3417.015625
3417.51953125
3417.015625
3417.51953125
3417.51953125
3417.51953125
3417.51953125
3417.51953125
3417.51953125
3417.5234375
3417.5234375
3417.5234375
3417.5234375
3417.01953125
3417.5234375
3417.01953125
3417.5234375
3417.5234375
3417.5234375
3417.5234375
3417.5234375
3417.5234375
3417.5234375
3417.5234375
3417.5234375
3417.5234375
3417.0234375
3417.52734375
3417.0234375
3417.52734375
3417.52734375
3417.52734375
3417.52734375
3417.52734375
3417.52734375
3417.52734375
3417.52734375
3417.52734375
3417.52734375
3417.0234375
3417.52734375
3417.52734375
3417.53125
3417.53125
3417.53125
3417.53125
3417.53125
3417.02734375
3417.53125
3417.02734375
3417.53125
3417.53125
3417.53125
3417.53125
3417.02734375
3417.53125
3417.02734375
3417.53125
3417.53125
3417.53125
3417.53125
3417.53125
3417.53125
3417.53515625
3417.53515625
3417.53515625
3417.53515625
3417.03125
3417.53515625
3417.03125
3417.53515625
3417.53515625
3417.53515625
3417.53515625
3417.03125
3417.53515625
3417.03515625
3417.5390625
3417.5390625
3417.5390625
3417.5390625
3417.03515625
3417.5390625
3417.5390625
3417.5390625
3417.5390625
3417.5390625
3417.5390625
3417.5390625
3417.03515625
3417.5390625
3417.03515625
3417.5390625
3417.5390625
3417.5390625
3417.5390625
3417.03515625
3417.5390625
3417.0390625
3417.54296875
3417.54296875
3417.54296875
3417.54296875
3417.54296875
3417.54296875
3417.54296875
3417.54296875
3417.54296875
3417.54296875
3417.0390625
3417.54296875
3417.0390625
3417.54296875
3417.54296875
3417.54296875
3417.54296875
3417.546875
3417.546875
3417.546875
3417.546875
3417.546875
3417.546875
3417.546875
3417.546875
3417.546875
3417.04296875
3417.546875
3417.546875
3417.546875
3417.546875
3417.04296875
3417.546875
3417.046875
3417.55078125
3417.55078125
3417.55078125
3417.55078125
3417.55078125
3417.55078125
3417.55078125
3417.55078125
3417.55078125
3417.55078125
3417.55078125
3417.55078125
3417.55078125
3417.046875
3417.55078125
3417.55078125
3417.55078125
3417.55078125
3417.5546875
3417.5546875
3417.5546875
3417.5546875
3417.5546875
3417.5546875
3417.05078125
3417.5546875
3417.05078125
3417.5546875
3417.5546875
3417.5546875
3417.5546875
3417.5546875
3417.5546875
3417.55859375
3417.55859375
3417.55859375
3417.55859375
3417.55859375
3417.55859375
3417.0546875
3417.55859375
3417.55859375
3417.55859375
3417.55859375
3417.55859375
3417.55859375
3417.55859375
3417.55859375
3417.55859375
3417.55859375
3417.55859375
3417.55859375
3417.55859375
3417.5625
3417.5625
3417.5625
3417.5625
3417.05859375
3417.5625
3417.05859375
3417.5625
3417.5625
3417.5625
3417.5625
3417.5625
3417.5625
3417.56640625
3417.56640625
3417.56640625
3417.56640625
3417.0625
3417.56640625
3417.0625
3417.56640625
3417.56640625
3417.56640625
3417.56640625
3417.0625
3417.56640625
3417.0625
3417.56640625
3417.56640625
3417.56640625
3417.56640625
3417.56640625
3417.56640625
3417.5703125
3417.5703125
3417.5703125
3417.5703125
3417.06640625
3417.5703125
3417.06640625
3417.5703125
3417.5703125
3417.5703125
3417.5703125
3417.06640625
3417.5703125
3417.5703125
3417.5703125
3417.5703125
3417.5703125
3417.5703125
3417.5703125
3417.5703125
3417.57421875
3417.57421875
3417.57421875
3417.57421875
3417.57421875
3417.57421875
3417.57421875
3417.0703125
3417.57421875
3417.57421875
3417.57421875
3417.57421875
3417.0703125
3417.57421875
3417.578125
3417.578125
3417.578125
3417.578125
3417.07421875
3417.578125
3417.07421875
3417.578125
3417.578125
3417.578125
3417.578125
3417.07421875
3417.578125
3417.07421875
3417.578125
3417.578125
3417.578125
3417.578125
3417.578125
3417.578125
3417.58203125
3417.58203125
3417.58203125
3417.58203125
3417.58203125
3417.58203125
3417.58203125
3417.078125
3417.58203125
3417.58203125
3417.58203125
3417.58203125
3417.58203125
3417.58203125
3417.5859375
3417.5859375
3417.5859375
3417.5859375
3417.5859375
3417.5859375
3417.5859375
3417.5859375
3417.5859375
3417.5859375
3417.5859375
3417.08203125
3417.5859375
3417.08203125
3417.5859375
3417.5859375
3417.5859375
3417.5859375
3417.08203125
3417.5859375
3417.0859375
3417.58984375
3417.58984375
3417.58984375
3417.58984375
3417.0859375
3417.58984375
3417.0859375
3417.58984375
3417.58984375
3417.58984375
3417.58984375
3417.58984375
3417.58984375
3417.58984375
3417.58984375
3417.58984375
3417.58984375
3417.0859375
3417.58984375
3417.08984375
3417.59375
3417.59375
3417.59375
3417.59375
3417.59375
3417.59375
3417.08984375
3417.59375
3417.59375
3417.59375
3417.59375
3417.59375
3417.09375
3417.59765625
3417.59765625
3417.59765625
3417.59765625
3417.09375
3417.59765625
3417.09375
3417.59765625
3417.59765625
3417.59765625
3417.59765625
3417.09375
3417.59765625
3417.09375
3417.59765625
3417.59765625
3417.59765625
3417.59765625
3417.59765625
3417.59765625
3417.6015625
3417.6015625
3417.6015625
3417.6015625
3417.09765625
3417.6015625
3417.09765625
3417.6015625
3417.6015625
3417.6015625
3417.6015625
3417.6015625
3417.6015625
3417.60546875
3417.60546875
3417.60546875
3417.60546875
3417.60546875
3417.60546875
3417.60546875
3417.60546875
3417.60546875
3417.60546875
3417.60546875
3417.1015625
3417.60546875
3417.1015625
3417.60546875
3417.60546875
3417.60546875
3417.60546875
3417.60546875
3417.60546875
3417.609375
3417.609375
3417.609375
3417.609375
3417.10546875
3417.609375
3417.10546875
3417.609375
3417.609375
3417.609375
3417.609375
3417.10546875
3417.609375
3417.10546875
3417.609375
3417.609375
3417.609375
3417.609375
3417.61328125
3417.61328125
3417.61328125
3417.61328125
3417.61328125
3417.61328125
3417.109375
3417.61328125
3417.109375
3417.61328125
3417.61328125
3417.61328125
3417.61328125
3417.61328125
3417.61328125
3417.6171875
3417.6171875
3417.6171875
3417.6171875
3417.11328125
3417.6171875
3417.11328125
3417.6171875
3417.6171875
3417.6171875
3417.6171875
3417.6171875
3417.6171875
3417.6171875
3417.6171875
3417.6171875
3417.6171875
3417.6171875
3417.6171875
3417.6171875
3417.62109375
3417.62109375
3417.62109375
3417.62109375
3417.1171875
3417.62109375
3417.1171875
3417.62109375
3417.62109375
3417.62109375
3417.62109375
3417.1171875
3417.62109375
3417.12109375
3417.625
3417.625
3417.625
3417.625
3417.12109375
3417.625
3417.12109375
3417.625
3417.625
3417.625
3417.625
3417.625
3417.12109375
3417.625
3417.625
3417.625
3417.625
3417.12109375
3417.625
3417.62890625
3417.62890625
3417.62890625
3417.62890625
3417.125
3417.62890625
3417.62890625
3417.62890625
3417.62890625
3417.62890625
3417.62890625
3417.125
3417.62890625
3417.12890625
3417.6328125
3417.6328125
3417.6328125
3417.6328125
3417.6328125
3417.12890625
3417.6328125
3417.6328125
3417.6328125
3417.6328125
3417.12890625
3417.6328125
3417.12890625
3417.6328125
3417.6328125
3417.6328125
3417.6328125
3417.6328125
3417.6328125
3417.63671875
3417.63671875
3417.63671875
3417.63671875
3417.63671875
3417.63671875
3417.1328125
3417.63671875
3417.63671875
3417.63671875
3417.63671875
3417.1328125
3417.63671875
3417.1328125
3417.63671875
3417.63671875
3417.63671875
3417.63671875
3417.63671875
3417.63671875
3417.640625
3417.640625
3417.640625
3417.640625
3417.640625
3417.640625
3417.640625
3417.640625
3417.640625
3417.640625
3417.640625
3417.640625
3417.640625
3417.64453125
3417.64453125
3417.64453125
3417.64453125
3417.64453125
3417.64453125
3417.64453125
3417.64453125
3417.64453125
3417.64453125
3417.64453125
3417.140625
3417.64453125
3417.140625
3417.64453125
3417.64453125
3417.64453125
3417.64453125
3417.140625
3417.64453125
3417.14453125
3417.6484375
3417.6484375
3417.6484375
3417.6484375
3417.14453125
3417.6484375
3417.14453125
3417.6484375
3417.6484375
3417.6484375
3417.6484375
3417.6484375
3417.6484375
3417.6484375
3417.6484375
3417.6484375
3417.6484375
3417.1484375
3417.65234375
3417.1484375
3417.65234375
3417.65234375
3417.65234375
3417.65234375
3417.65234375
3417.1484375
3417.65234375
3417.65234375
3417.65234375
3417.65234375
3417.1484375
3417.65234375
3417.15234375
3417.65625
3417.65625
3417.65625
3417.65625
3417.65625
3417.65625
3417.65625
3417.65625
3417.65625
3417.65625
3417.65625
3417.65625
3417.65625
3417.65625
3417.65625
3417.65625
3417.65625
3417.65625
3417.65625
3417.65625
3417.66015625
3417.66015625
3417.66015625
3417.66015625
3417.66015625
3417.66015625
3417.66015625
3417.66015625
3417.66015625
3417.66015625
3417.66015625
3417.66015625
3417.66015625
3417.15625
3417.6640625
3417.6640625
3417.6640625
3417.6640625
3417.16015625
3417.6640625
3417.16015625
3417.6640625
3417.6640625
3417.6640625
3417.6640625
3417.16015625
3417.6640625
3417.16015625
3417.6640625
3417.6640625
3417.6640625
3417.6640625
3417.6640625
3417.6640625
3417.66796875
3417.66796875
3417.66796875
3417.66796875
3417.66796875
3417.66796875
3417.66796875
3417.66796875
3417.66796875
3417.66796875
3417.66796875
3417.66796875
3417.66796875
3417.66796875
3417.671875
3417.671875
3417.671875
3417.671875
3417.671875
3417.671875
3417.671875
3417.671875
3417.671875
3417.671875
3417.671875
3417.671875
3417.671875
3417.671875
3417.671875
3417.671875
3417.671875
3417.671875
3417.16796875
3417.671875
3417.171875
3417.67578125
3417.67578125
3417.67578125
3417.67578125
3417.67578125
3417.67578125
3417.67578125
3417.67578125
3417.67578125
3417.67578125
3417.67578125
3417.67578125
3417.67578125
3417.67578125
3417.67578125
3417.67578125
3417.67578125
3417.171875
3417.67578125
3417.17578125
3417.6796875
3417.6796875
3417.6796875
3417.6796875
3417.70703125
3417.70703125
3417.70703125
3417.70703125
3417.70703125
3417.70703125
3417.26171875
3417.15625
3417.171875
3417.19140625
3417.19140625
3417.19140625
3417.19140625
3417.19140625
3417.19140625
3417.19140625
3417.19140625
3417.1953125
3417.1953125
3417.1953125
3417.1953125
3417.1953125
3417.1953125
3417.1953125
3417.1953125
3417.1953125
3417.1953125
3417.1953125
3417.1953125
3417.1953125
3417.1953125
3417.1953125
3417.1953125
3417.1953125
3417.1953125
3417.1953125
3417.1953125
3417.1953125
3417.1953125
3417.1953125
3417.1953125
3417.1953125
3417.1953125
3417.1953125
3417.1953125
3417.1953125
3417.1953125
3417.19921875
3417.19921875
3417.19921875
3417.19921875
3417.19921875
3417.19921875
3417.19921875
3417.19921875
3417.19921875
3417.19921875
3417.19921875
3417.19921875
3417.19921875
3417.19921875
3417.19921875
3417.19921875
3417.19921875
3417.19921875
3417.19921875
3417.19921875
3417.19921875
3417.19921875
3417.19921875
3417.19921875
3417.19921875
3417.19921875
3417.19921875
3417.19921875
3417.19921875
3417.203125
3417.203125
3417.203125
3417.203125
3417.203125
3417.20703125
3417.20703125
3417.20703125
3417.20703125
3417.20703125
3417.20703125
3417.20703125
3417.20703125
3417.20703125
3417.20703125
3417.20703125
3417.20703125
3417.20703125
3417.20703125
3417.20703125
3417.20703125
3417.20703125
3417.20703125
3417.20703125
3417.20703125
3417.20703125
3417.20703125
3417.20703125
3417.20703125
3417.2109375
3417.2109375
3417.2109375
3417.2109375
3417.2109375
3417.2109375
3417.2109375
3417.2109375
3417.2109375
3417.2109375
3417.2109375
3417.2109375
3417.2109375
3417.2109375
3417.2109375
3417.2109375
3417.2109375
3417.2109375
3417.2109375
3417.2109375
3417.2109375
3417.2109375
3417.2109375
3417.2109375
3417.2109375
3417.2109375
3417.2109375
3417.2109375
3417.2109375
3417.2109375
3417.2109375
3417.21484375
3417.21484375
3417.21484375
3417.21484375
3417.21484375
3417.21484375
3417.21484375
3417.21484375
3417.21484375
3417.21484375
3417.21484375
3417.21484375
3417.21484375
3417.21484375
3417.21484375
3417.21484375
3417.21484375
3417.21484375
3417.21484375
3417.21484375
3417.21484375
3417.21484375
3417.21484375
3417.21484375
3417.21484375
3417.21484375
3417.21484375
3417.21484375
3417.21484375
3417.21875
3417.21875
3417.21875
3417.21875
3417.21875
3417.21875
3417.21875
3417.21875
3417.21875
3417.21875
3417.21875
3417.21875
3417.21875
3417.21875
3417.21875
3417.21875
3417.21875
3417.21875
3417.21875
3417.21875
3417.21875
3417.21875
3417.21875
3417.21875
3417.21875
3417.21875
3417.21875
3417.21875
3417.21875
3417.21875
3417.22265625
3417.22265625
3417.22265625
3417.22265625
3417.22265625
3417.22265625
3417.22265625
3417.22265625
3417.22265625
3417.22265625
3417.22265625
3417.22265625
3417.22265625
3417.22265625
3417.22265625
3417.22265625
3417.22265625
3417.22265625
3417.22265625
3417.22265625
3417.22265625
3417.22265625
3417.22265625
3417.22265625
3417.22265625
3417.22265625
3417.22265625
3417.22265625
3417.22265625
3417.22265625
3417.2265625
3417.2265625
3417.2265625
3417.2265625
3417.2265625
3417.2265625
3417.2265625
3417.2265625
3417.2265625
3417.2265625
3417.2265625
3417.2265625
3417.2265625
3417.2265625
3417.2265625
3417.2265625
3417.2265625
3417.2265625
3417.2265625
3417.2265625
3417.2265625
3417.2265625
3417.2265625
3417.2265625
3417.2265625
3417.2265625
3417.2265625
3417.2265625
3417.2265625
3417.2265625
3417.23046875
3417.23046875
3417.23046875
3417.23046875
3417.23046875
3417.23046875
3417.23046875
3417.23046875
3417.23046875
3417.23046875
3417.23046875
3417.23046875
3417.23046875
3417.23046875
3417.23046875
3417.23046875
3417.23046875
3417.23046875
3417.23046875
3417.23046875
3417.23046875
3417.23046875
3417.23046875
3417.23046875
3417.23046875
3417.23046875
3417.23046875
3417.23046875
3417.23046875
3417.234375
3417.234375
3417.234375
3417.234375
3417.234375
3417.234375
3417.234375
3417.234375
3417.234375
3417.234375
3417.234375
3417.234375
3417.234375
3417.234375
3417.234375
3417.234375
3417.234375
3417.234375
3417.234375
3417.234375
3417.234375
3417.234375
3417.234375
3417.234375
3417.234375
3417.234375
3417.234375
3417.234375
3417.23828125
3417.23828125
3417.23828125
3417.23828125
3417.23828125
3417.23828125
3417.23828125
3417.23828125
3417.23828125
3417.23828125
3417.23828125
3417.23828125
3417.23828125
3417.23828125
3417.23828125
3417.23828125
3417.23828125
3417.23828125
3417.23828125
3417.23828125
3417.23828125
3417.23828125
3417.23828125
3417.23828125
3417.23828125
3417.23828125
3417.23828125
3417.23828125
3417.23828125
3417.23828125
3417.2421875
3417.2421875
3417.2421875
3417.2421875
3417.2421875
3417.2421875
3417.2421875
3417.2421875
3417.2421875
3417.2421875
3417.2421875
3417.2421875
3417.2421875
3417.2421875
3417.2421875
3417.2421875
3417.2421875
3417.2421875
3417.2421875
3417.2421875
3417.2421875
3417.2421875
3417.2421875
3417.2421875
3417.2421875
3417.2421875
3417.2421875
3417.2421875
3417.2421875
3417.24609375
3417.25
3417.25
3417.25
3417.25
3417.25
3417.25
3417.25
3417.25
3417.25
3417.25
3417.25
3417.25
3417.25
3417.25
3417.25
3417.25
3417.25
3417.25
3417.25
3417.25
3417.25
3417.25
3417.25
3417.25
3417.25
3417.25
3417.25
3417.25
3417.25
3417.25390625
3417.25390625
3417.25390625
3417.25390625
3417.25390625
3417.25390625
3417.25390625
3417.25390625
3417.25390625
3417.25390625
3417.25390625
3417.25390625
3417.25390625
3417.25390625
3417.25390625
3417.25390625
3417.25390625
3417.25390625
3417.25390625
3417.25390625
3417.25390625
3417.25390625
3417.25390625
3417.25390625
3417.25390625
3417.25390625
3417.25390625
3417.25390625
3417.25390625
3417.25390625
3417.2578125
3417.2578125
3417.2578125
3417.2578125
3417.2578125
3417.2578125
3417.2578125
3417.2578125
3417.2578125
3417.2578125
3417.2578125
3417.2578125
3417.2578125
3417.2578125
3417.2578125
3417.2578125
3417.2578125
3417.2578125
3417.2578125
3417.2578125
3417.2578125
3417.2578125
3417.2578125
3417.2578125
3417.2578125
3417.2578125
3417.2578125
3417.2578125
3417.2578125
3417.26171875
3417.26171875
3417.26171875
3417.26171875
3417.26171875
3417.26171875
3417.26171875
3417.26171875
3417.26171875
3417.26171875
3417.26171875
3417.26171875
3417.26171875
3417.26171875
3417.26171875
3417.26171875
3417.26171875
3417.26171875
3417.26171875
3417.26171875
3417.26171875
3417.26171875
3417.26171875
3417.26171875
3417.26171875
3417.26171875
3417.26171875
3417.26171875
3417.26171875
3417.26171875
3417.26171875
3417.265625
3417.265625
3417.265625
3417.265625
3417.265625
3417.265625
3417.265625
3417.265625
3417.265625
3417.265625
3417.265625
3417.265625
3417.265625
3417.265625
3417.265625
3417.265625
3417.265625
3417.265625
3417.265625
3417.265625
3417.265625
3417.265625
3417.265625
3417.265625
3417.265625
3417.265625
3417.265625
3417.265625
3417.265625
3417.265625
3417.265625
3417.265625
3417.26953125
3417.26953125
3417.26953125
3417.26953125
3417.26953125
3417.26953125
3417.26953125
3417.26953125
3417.26953125
3417.26953125
3417.26953125
3417.26953125
3417.26953125
3417.26953125
3417.26953125
3417.26953125
3417.26953125
3417.26953125
3417.26953125
3417.26953125
3417.26953125
3417.26953125
3417.26953125
3417.26953125
3417.26953125
3417.26953125
3417.26953125
3417.26953125
3417.26953125
3417.26953125
3417.2734375
3417.2734375
3417.2734375
3417.2734375
3417.2734375
3417.2734375
3417.2734375
3417.2734375
3417.2734375
3417.2734375
3417.2734375
3417.2734375
3417.2734375
3417.2734375
3417.2734375
3417.2734375
3417.2734375
3417.2734375
3417.2734375
3417.2734375
3417.2734375
3417.2734375
3417.2734375
3417.2734375
3417.2734375
3417.2734375
3417.2734375
3417.2734375
3417.2734375
3417.2734375
3417.27734375
3417.27734375
3417.27734375
3417.27734375
3417.27734375
3417.27734375
3417.27734375
3417.27734375
3417.27734375
3417.27734375
3417.27734375
3417.27734375
3417.27734375
3417.27734375
3417.27734375
3417.27734375
3417.27734375
3417.27734375
3417.27734375
3417.27734375
3417.27734375
3417.27734375
3417.27734375
3417.27734375
3417.27734375
3417.27734375
3417.27734375
3417.27734375
3417.27734375
3417.27734375
3417.27734375
3417.27734375
3417.27734375
3417.28125
3417.28125
3417.28125
3417.28125
3417.28125
3417.28125
3417.28125
3417.28125
3417.28125
3417.28125
3417.28125
3417.28125
3417.28125
3417.28125
3417.28125
3417.28125
3417.28125
3417.28125
3417.28125
3417.28125
3417.28125
3417.28125
3417.28125
3417.28125
3417.28125
3417.28125
3417.28125
3417.28125
3417.28125
3417.28125
3417.28125
3417.28125
3417.28125
3417.28125
3417.28515625
3417.28515625
3417.28515625
3417.28515625
3417.28515625
3417.28515625
3417.28515625
3417.28515625
3417.28515625
3417.28515625
3417.28515625
3417.28515625
3417.28515625
3417.28515625
3417.28515625
3417.28515625
3417.28515625
3417.28515625
3417.28515625
3417.28515625
3417.28515625
3417.28515625
3417.28515625
3417.28515625
3417.28515625
3417.28515625
3417.28515625
3417.28515625
3417.28515625
3417.28515625
3417.2890625
3417.2890625
3417.2890625
3417.2890625
3417.2890625
3417.2890625
3417.2890625
3417.2890625
3417.2890625
3417.2890625
3417.2890625
3417.2890625
3417.2890625
3417.2890625
3417.2890625
3417.2890625
3417.2890625
3417.2890625
3417.2890625
3417.2890625
3417.2890625
3417.2890625
3417.2890625
3417.2890625
3417.2890625
3417.2890625
3417.2890625
3417.2890625
3417.2890625
3417.2890625
3417.2890625
3417.2890625
3417.29296875
3417.29296875
3417.29296875
3417.29296875
3417.29296875
3417.29296875
3417.29296875
3417.29296875
3417.29296875
3417.29296875
3417.29296875
3417.29296875
3417.29296875
3417.29296875
3417.29296875
3417.29296875
3417.29296875
3417.29296875
3417.29296875
3417.29296875
3417.29296875
3417.29296875
3417.29296875
3417.29296875
3417.29296875
3417.29296875
3417.29296875
3417.29296875
3417.29296875
3417.29296875
3417.29296875
3417.296875
3417.296875
3417.296875
3417.296875
3417.296875
3417.296875
3417.296875
3417.296875
3417.296875
3417.296875
3417.296875
3417.296875
3417.296875
3417.296875
3417.296875
3417.296875
3417.296875
3417.296875
3417.296875
3417.296875
3417.296875
3417.296875
3417.296875
3417.296875
3417.296875
3417.296875
3417.296875
3417.296875
3417.296875
3417.296875
3417.30078125
3417.30078125
3417.30078125
3417.30078125
3417.30078125
3417.30078125
3417.30078125
3417.30078125
3417.30078125
3417.30078125
3417.30078125
3417.30078125
3417.30078125
3417.30078125
3417.30078125
3417.30078125
3417.30078125
3417.30078125
3417.30078125
3417.30078125
3417.30078125
3417.30078125
3417.30078125
3417.30078125
3417.30078125
3417.30078125
3417.30078125
3417.30078125
3417.30078125
3417.3046875
3417.3046875
3417.3046875
3417.3046875
3417.3046875
3417.3046875
3417.3046875
3417.3046875
3417.3046875
3417.3046875
3417.3046875
3417.3046875
3417.3046875
3417.3046875
3417.3046875
3417.3046875
3417.3046875
3417.3046875
3417.3046875
3417.3046875
3417.3046875
3417.3046875
3417.3046875
3417.3046875
3417.3046875
3417.3046875
3417.3046875
3417.3046875
3417.3046875
3417.3046875
3417.30859375
3417.30859375
3417.30859375
3417.30859375
3417.30859375
3417.30859375
3417.30859375
3417.30859375
3417.30859375
3417.30859375
3417.30859375
3417.30859375
3417.30859375
3417.30859375
3417.30859375
3417.30859375
3417.30859375
3417.30859375
3417.30859375
3417.30859375
3417.30859375
3417.30859375
3417.30859375
3417.30859375
3417.30859375
3417.30859375
3417.30859375
3417.30859375
3417.30859375
3417.3125
3417.3125
3417.3125
3417.3125
3417.3125
3417.3125
3417.3125
3417.3125
3417.3125
3417.3125
3417.3125
3417.3125
3417.3125
3417.3125
3417.3125
3417.3125
3417.3125
3417.3125
3417.3125
3417.3125
3417.3125
3417.3125
3417.3125
3417.3125
3417.3125
3417.3125
3417.3125
3417.3125
3417.3125
3417.31640625
3417.31640625
3417.31640625
3417.31640625
3417.31640625
3417.31640625
3417.31640625
3417.31640625
3417.31640625
3417.31640625
3417.31640625
3417.31640625
3417.31640625
3417.31640625
3417.31640625
3417.31640625
3417.31640625
3417.31640625
3417.31640625
3417.31640625
3417.31640625
3417.31640625
3417.31640625
3417.31640625
3417.31640625
3417.31640625
3417.31640625
3417.31640625
3417.31640625
3417.3203125
3417.3203125
3417.3203125
3417.3203125
3417.3203125
3417.3203125
3417.3203125
3417.3203125
3417.3203125
3417.3203125
3417.3203125
3417.3203125
3417.3203125
3417.3203125
3417.3203125
3417.3203125
3417.3203125
3417.3203125
3417.3203125
3417.3203125
3417.3203125
3417.3203125
3417.3203125
3417.3203125
3417.3203125
3417.3203125
3417.3203125
3417.3203125
3417.3203125
3417.3203125
3417.3203125
3417.32421875
3417.32421875
3417.32421875
3417.32421875
3417.32421875
3417.32421875
3417.32421875
3417.32421875
3417.32421875
3417.32421875
3417.32421875
3417.32421875
3417.32421875
3417.32421875
3417.32421875
3417.32421875
3417.32421875
3417.32421875
3417.32421875
3417.32421875
3417.32421875
3417.32421875
3417.32421875
3417.32421875
3417.32421875
3417.32421875
3417.32421875
3417.32421875
3417.32421875
3417.32421875
3417.328125
3417.328125
3417.328125
3417.328125
3417.328125
3417.328125
3417.328125
3417.328125
3417.328125
3417.328125
3417.328125
3417.328125
3417.328125
3417.328125
3417.328125
3417.328125
3417.328125
3417.328125
3417.328125
3417.328125
3417.328125
3417.328125
3417.328125
3417.328125
3417.328125
3417.328125
3417.328125
3417.328125
3417.328125
3417.328125
3417.33203125
3417.33203125
3417.33203125
3417.33203125
3417.33203125
3417.33203125
3417.33203125
3417.33203125
3417.33203125
3417.33203125
3417.33203125
3417.33203125
3417.33203125
3417.33203125
3417.33203125
3417.33203125
3417.33203125
3417.33203125
3417.33203125
3417.33203125
3417.33203125
3417.33203125
3417.33203125
3417.33203125
3417.33203125
3417.33203125
3417.33203125
3417.33203125
3417.33203125
3417.33203125
3417.33203125
3417.3359375
3417.3359375
3417.3359375
3417.3359375
3417.3359375
3417.3359375
3417.3359375
3417.3359375
3417.3359375
3417.3359375
3417.3359375
3417.3359375
3417.3359375
3417.3359375
3417.3359375
3417.3359375
3417.3359375
3417.3359375
3417.3359375
3417.3359375
3417.3359375
3417.3359375
3417.3359375
3417.3359375
3417.3359375
3417.3359375
3417.3359375
3417.3359375
3417.3359375
3417.3359375
3417.3359375
3417.3359375
3417.3359375
3417.3359375
3417.3359375
3417.3359375
3417.3359375
3417.3359375
3417.3359375
3417.3359375
3417.3359375
3417.3359375
3417.3359375
3417.3359375
3417.3359375
3417.3359375
3417.3359375
3417.3359375
3417.3359375
3417.3359375
3417.3359375
3417.3359375
3417.3359375
3417.3359375
3417.3359375
3417.3359375
3417.3359375
3417.3359375
3417.3359375
3417.3359375
3417.3359375
3417.3359375
3417.3359375
3417.3359375
3417.3359375
3417.3359375
3417.3359375
3417.3359375
3417.3359375
3417.3359375
3417.3359375
3417.3359375
3417.3359375
3417.3359375
3417.3359375
3417.3359375
3417.3359375
3417.3359375
3417.3359375
3417.3359375
3417.3359375
3417.3359375
3417.3359375
3417.3359375
3417.3359375
3417.3359375
3417.3359375
3417.3359375
3417.3359375
3417.3359375
3417.3359375
3417.3359375
3417.3359375
3417.3359375
3417.3359375
3417.3359375
3417.3359375
3417.3359375
3417.3359375
3417.3359375
3417.3359375
3417.3359375
3417.3359375
3417.3359375
3417.3359375
3417.3359375
3417.3359375
3417.3359375
3417.3359375
3417.3359375
3417.3359375
3417.3359375
3417.3359375
3417.3359375
3417.3359375
3417.3359375
3417.3359375
3417.3359375
3417.3359375
3417.3359375
3417.3359375
3417.3359375
3417.3359375
3417.3359375
3417.3359375
3417.3359375
3417.3359375
3417.3359375
3417.3359375
3417.3359375
3417.3359375
3417.3359375
3417.3359375
3417.3359375
3417.3359375
3417.3359375
3417.3359375
3417.3359375
3417.3359375
3417.3359375
3417.3359375
3417.3359375
3417.3359375
3417.3359375
3417.3359375
3417.3359375
3417.3359375
3417.3359375
3417.3359375
3417.3359375
3417.3359375
3417.3359375
3417.3359375
3417.3359375
3417.3359375
3417.3359375
3417.3359375
3417.3359375
3417.3359375
3417.3359375
3417.3359375
3417.3359375
3417.3359375
3417.3359375
3417.3359375
3417.3359375
3417.3359375
3417.3359375
3417.3359375
3417.3359375
3417.3359375
3417.3359375
3417.3359375
3417.3359375
3417.3359375
3417.3359375
2971.21875
2916.46484375
