3607.81640625
3607.82421875
3627.65625
3713.05859375
3805.23828125
3903.04296875
3996.625
4096.69921875
4208.16015625
4218.796875
4221.04296875
4222.79296875
4224.91796875
4227.078125
4227.765625
4230.1953125
4232.27734375
4234.5546875
4237.26171875
4239.96875
4265.0703125
4270.28125
4271.046875
4276.578125
4277.7421875
4277.89453125
4278.6015625
4278.625
4278.625
4278.625
4278.625
4278.625
4279.6015625
4279.6015625
4279.60546875
4279.60546875
4279.60546875
4279.60546875
4279.12109375
4279.625
4279.125
4279.64453125
4279.64453125
4279.64453125
4279.64453125
4279.64453125
4279.14453125
4279.6484375
4279.6484375
4279.6484375
4279.6484375
4279.6484375
4279.6484375
4279.65234375
4279.65234375
4279.65234375
4279.65234375
4279.1484375
4279.65234375
4279.15625
4279.66015625
4279.66015625
4279.66015625
4279.66015625
4279.15625
4279.66015625
4279.6640625
4279.6640625
4279.6640625
4279.6640625
4279.16015625
4279.6640625
4279.16015625
4279.6640625
4279.6640625
4279.6640625
4279.6640625
4279.6640625
4279.6640625
4279.6640625
4279.6640625
4279.6640625
4279.6640625
4279.16015625
4279.6640625
4279.16015625
4279.6640625
4279.6640625
4279.6640625
4279.6640625
4279.6640625
4279.6640625
4279.66796875
4279.66796875
4279.66796875
4279.66796875
4279.1640625
4279.66796875
4279.1640625
4279.66796875
4279.66796875
4279.66796875
4279.66796875
4279.66796875
4279.1640625
4279.66796875
4279.66796875
4279.66796875
4279.66796875
4279.66796875
4279.66796875
4279.66796875
4279.66796875
4279.66796875
4279.66796875
4279.1640625
4279.66796875
4279.1640625
4279.66796875
4279.66796875
4279.66796875
4279.66796875
4279.66796875
4279.1640625
4279.66796875
4279.66796875
4279.66796875
4279.66796875
4279.66796875
4279.66796875
4279.66796875
4279.66796875
4279.66796875
4279.66796875
4279.1640625
4279.66796875
4279.1640625
4279.66796875
4279.66796875
4279.66796875
4279.66796875
4279.66796875
4279.66796875
4279.671875
4279.671875
4279.671875
4279.671875
4279.671875
4279.671875
4279.671875
4279.671875
4279.671875
4279.671875
4279.16796875
4279.671875
4279.16796875
4279.671875
4279.671875
4279.671875
4279.671875
4279.671875
4279.16796875
4279.671875
4279.671875
4279.671875
4279.671875
4279.16796875
4279.671875
4279.16796875
4279.671875
4279.671875
4279.671875
4279.671875
4279.671875
4279.16796875
4279.671875
4279.671875
4279.671875
4279.671875
4279.16796875
4279.671875
4279.16796875
4279.671875
4279.671875
4279.671875
4279.671875
4279.671875
4279.671875
4279.671875
4279.671875
4279.671875
4279.671875
4279.671875
4279.671875
4279.16796875
4279.671875
4279.671875
4279.671875
4279.671875
4279.16796875
4279.671875
4279.16796875
4279.671875
4279.671875
4279.671875
4279.671875
4279.671875
4279.671875
4279.671875
4279.671875
4279.671875
4279.671875
4279.16796875
4279.671875
4279.16796875
4279.671875
4279.671875
4279.671875
4279.671875
4279.671875
4279.16796875
4279.671875
4279.671875
4279.671875
4279.671875
4279.671875
4279.671875
4279.671875
4279.671875
4279.671875
4279.671875
4279.16796875
4279.671875
4279.16796875
4279.671875
4279.671875
4279.671875
4279.671875
4279.16796875
4279.671875
4279.171875
4279.67578125
4279.67578125
4279.67578125
4279.67578125
4279.67578125
4279.171875
4279.67578125
4279.67578125
4279.67578125
4279.67578125
4279.67578125
4279.67578125
4279.67578125
4279.67578125
4279.67578125
4279.67578125
4279.18359375
4279.6875
4279.18359375
4279.6875
4279.6875
4279.6875
4279.6875
4279.6875
4279.18359375
4279.6875
4279.6875
4279.6875
4279.6875
4279.18359375
4279.6875
4279.18359375
4279.6875
4279.6875
4279.6875
4279.6875
4279.18359375
4279.6875
4279.6875
4279.6875
4279.6875
4279.6875
4279.6875
4279.6875
4279.18359375
4279.6875
4279.6875
4279.6875
4279.6875
4279.18359375
4279.6875
4279.18359375
4279.6875
4279.6875
4279.6875
4279.6875
4279.6875
4279.6875
4279.6875
4279.6875
4279.6875
4279.6875
4279.18359375
4279.6875
4279.18359375
4279.6875
4279.6875
4279.6875
4279.6875
4279.6875
4279.6875
4279.6875
4279.6875
4279.6875
4279.6875
4279.18359375
4279.6875
4279.18359375
4279.6875
4279.6875
4279.6875
4279.6875
4279.6875
4279.6875
4279.6875
4279.6875
4279.6875
4279.6875
4279.18359375
4279.6875
4279.18359375
4279.6875
4279.6875
4279.6875
4279.6875
4279.18359375
4279.6875
4279.18359375
4279.6875
4279.6875
4279.6875
4279.6875
4279.18359375
4279.6875
4279.1875
4279.69140625
4279.69140625
4279.69140625
4279.69140625
4279.1875
4279.69140625
4279.1875
4279.69140625
4279.69140625
4279.69140625
4279.69140625
4279.69140625
4279.1875
4279.69140625
4279.69140625
4279.69140625
4279.69140625
4279.1875
4279.69140625
4279.69140625
4279.69140625
4279.69140625
4279.69140625
4279.69140625
4279.69140625
4279.69140625
4279.69140625
4279.69140625
4279.69140625
4279.69140625
4279.1875
4279.69140625
4279.1875
4279.69140625
4279.69140625
4279.69140625
4279.69140625
4279.69140625
4279.69140625
4279.69140625
4279.69140625
4279.69140625
4279.69140625
4279.1875
4279.69140625
4279.1875
4279.69140625
4279.69140625
4279.69140625
4279.69140625
4279.69140625
4279.69140625
4279.69140625
4279.69140625
4279.69140625
4279.69140625
4279.69140625
4279.69140625
4279.69140625
4279.69140625
4279.1875
4279.69140625
4279.69140625
4279.69140625
4279.69140625
4279.69140625
4279.69140625
4279.69140625
4279.69140625
4279.69140625
4279.69140625
4279.69140625
4279.1875
4279.69140625
4279.1875
4279.69140625
4279.69140625
4279.69140625
4279.69140625
4279.1875
4279.69140625
4279.1875
4279.69140625
4279.69140625
4279.69140625
4279.69140625
4279.1875
4279.69140625
4279.1875
4279.69140625
4279.69140625
4279.69140625
4279.69140625
4279.1875
4279.69140625
4279.1875
4279.69140625
4279.69140625
4279.69140625
4279.69140625
4279.69140625
4279.69140625
4279.69140625
4279.6875
4279.6875
4279.6875
4279.6875
4279.6875
4279.6875
4279.6875
4279.6875
4279.6875
4279.6875
4279.18359375
4279.6875
4279.18359375
4279.6875
4279.6875
4279.6875
4279.18359375
4279.6875
4279.18359375
4279.6875
4279.6875
4279.6875
4279.6875
4279.6875
4279.18359375
4279.6875
4279.6875
4279.6875
4279.6875
4279.6875
4279.6875
4279.6875
4279.6875
4279.6875
4279.6875
4279.18359375
4279.6875
4279.18359375
4279.6875
4279.6875
4279.6875
4279.6875
4279.6875
4279.6875
4279.6875
4279.6875
4279.6875
4279.6875
4279.6875
4279.6875
4279.6875
4279.6875
4279.6875
4279.6875
4279.18359375
4279.6875
4279.18359375
4279.6875
4279.6875
4279.6875
4279.6875
4279.6875
4279.6875
4279.6875
4279.6875
4279.6875
4279.6875
4279.6875
4279.6875
4279.6875
4279.6875
4279.6875
4279.6875
4279.18359375
4279.6875
4279.6875
4279.6875
4279.6875
4279.6875
4279.18359375
4279.6875
4279.18359375
4279.6875
4279.6875
4279.6875
4279.6875
4279.6875
4279.6875
4279.6875
4279.6875
4279.6875
4279.6875
4279.18359375
4279.6875
4279.18359375
4279.6875
4279.6875
4279.6875
4279.6875
4279.6875
4279.18359375
4279.6875
4279.6875
4279.6875
4279.6875
4279.6875
4279.6875
4279.18359375
4279.6875
4279.6875
4279.6875
4279.6875
4279.6875
4279.6875
4279.6875
4279.6875
4279.6875
4279.6875
4279.6875
4279.6875
4279.6875
4279.6875
4279.6875
4279.6875
4279.6875
4279.6875
4279.6875
4279.6875
4279.6875
4279.6875
4279.6875
4279.6875
4279.18359375
4279.6875
4279.18359375
4279.6875
4279.6875
4279.6875
4279.6875
4279.6875
4279.6875
4279.6875
4279.6875
4279.6875
4279.6875
4279.18359375
4279.6875
4279.18359375
4279.6875
4279.6875
4279.6875
4279.6875
4279.6875
4279.6875
4279.6875
4279.6875
4279.6875
4279.6875
4279.18359375
4279.6875
4279.18359375
4279.6875
4279.6875
4279.6875
4279.6875
4279.6875
4279.18359375
4279.6875
4279.6875
4279.6875
4279.6875
4279.6875
4279.6875
4279.6875
4279.6875
4279.6875
4279.6875
4279.18359375
4279.6875
4279.6875
4279.6875
4279.6875
4279.6875
4279.6875
4279.6875
4279.6875
4279.6875
4279.6875
4279.6875
4279.6875
4279.18359375
4279.6875
4279.18359375
4279.6875
4279.6875
4279.6875
4279.6875
4279.6875
4279.6875
4279.6875
4279.6875
4279.6875
4279.6875
4279.18359375
4279.6875
4279.6875
4279.6875
4279.6875
4279.6875
4279.18359375
4279.6875
4279.18359375
4279.6875
4279.6875
4279.6875
4279.6875
4279.6875
4279.6875
4279.6875
4279.6875
4279.6875
4279.6875
4279.18359375
4279.6875
4279.18359375
4279.6875
4279.6875
4279.6875
4279.6875
4279.6875
4279.6875
4279.6875
4279.6875
4279.6875
4279.6875
4279.18359375
4279.6875
4279.18359375
4279.6875
4279.6875
4279.6875
4279.6875
4279.18359375
4279.6875
4279.18359375
4279.6875
4279.6875
4279.6875
4279.6875
4279.6875
4279.6875
4279.6875
4279.6875
4279.6875
4279.6875
4279.18359375
4279.6875
4279.18359375
4279.6875
4279.6875
4279.6875
4279.6875
4279.18359375
4279.6875
4279.18359375
4279.6875
4279.6875
4279.6875
4279.6875
4279.6875
4279.18359375
4279.6875
4279.6875
4279.6875
4279.6875
4279.6875
4279.6875
4279.6875
4279.6875
4279.6875
4279.6875
4279.6875
4279.6875
4279.6875
4279.6875
4279.6875
4279.6875
4279.6875
4279.6875
4279.18359375
4279.6875
4279.6875
4279.6875
4279.6875
4279.6875
4279.6875
4279.6875
4279.6875
4279.6875
4279.6875
4279.18359375
4279.6875
4279.18359375
4279.6875
4279.6875
4279.6875
4279.18359375
4279.6875
4279.18359375
4279.6875
4279.6875
4279.6875
4279.18359375
4279.6875
4279.18359375
4279.6875
4279.6875
4279.6875
4279.6875
4279.6875
4279.18359375
4279.6875
4279.6875
4279.6875
4279.6875
4279.6875
4279.18359375
4279.6875
4279.6875
4279.6875
4279.6875
4279.6875
4279.6875
4279.6875
4279.6875
4279.6875
4279.6875
4279.18359375
4279.6875
4279.18359375
4279.6875
4279.6875
4279.6875
4279.18359375
4279.6875
4279.18359375
4279.6875
4279.6875
4279.6875
4279.6875
4279.6875
4279.18359375
4279.6875
4279.6875
4279.6875
4279.6875
4279.6875
4279.6875
4279.6875
4279.6875
4279.6875
4279.6875
4279.6875
4279.6875
4279.6875
4279.6875
4279.6875
4279.6875
4279.6875
4279.18359375
4279.6875
4279.18359375
4279.6875
4279.6875
4279.6875
4279.6875
4279.6875
4279.18359375
4279.6875
4279.6875
4279.6875
4279.6875
4279.6875
4279.6875
4279.6875
4279.6875
4279.6875
4279.6875
4279.18359375
4279.6875
4279.18359375
4279.6875
4279.6875
4279.6875
4279.6875
4279.18359375
4279.6875
4279.18359375
4279.6875
4279.6875
4279.6875
4279.6875
4279.6875
4279.6875
4279.18359375
4279.6875
4279.6875
4279.6875
4279.6875
4279.6875
4279.6875
4279.6875
4279.6875
4279.6875
4279.6875
4279.18359375
4279.6875
4279.18359375
4279.6875
4279.6875
4279.6875
4279.6875
4279.6875
4279.6875
4279.6875
4279.6875
4279.6875
4279.6875
4279.18359375
4279.6875
4279.18359375
4279.6875
4279.6875
4279.6875
4279.6875
4279.6875
4279.6875
4279.6875
4279.6875
4279.6875
4279.6875
4279.6875
4279.6875
4279.18359375
4279.6875
4279.6875
4279.6875
4279.6875
4279.6875
4279.6875
4279.6875
4279.6875
4279.6875
4279.6875
4279.6875
4279.6875
4279.6875
4279.6875
4279.6875
4279.6875
4279.6875
4279.18359375
4279.6875
4279.18359375
4279.76953125
4279.76953125
4279.76953125
4279.76953125
4279.76953125
4279.265625
4279.76953125
4279.76953125
4279.76953125
4279.76953125
4279.76953125
4279.76953125
4279.265625
4279.76953125
4279.76953125
4279.76953125
4279.265625
4279.76953125
4279.265625
4279.76953125
4279.76953125
4279.76953125
4279.76953125
4279.76953125
4279.76953125
4279.76953125
4279.76953125
4279.76953125
4279.76953125
4279.265625
4279.76953125
4279.265625
4279.76953125
4279.76953125
4279.76953125
4279.76953125
4279.265625
4279.76953125
4279.265625
4279.76953125
4279.76953125
4279.76953125
4279.76953125
4279.265625
4279.76953125
4279.76953125
4279.76953125
4279.76953125
4279.76953125
4279.265625
4279.76953125
4279.76953125
4279.76953125
4279.76953125
4279.76953125
4279.76953125
4279.265625
4279.76953125
4279.265625
4279.76953125
4279.76953125
4279.76953125
4279.76953125
4279.76953125
4279.76953125
4279.76953125
4279.76953125
4279.76953125
4279.76953125
4279.76953125
4279.76953125
4279.76953125
4279.76953125
4279.76953125
4279.76953125
4279.265625
4279.76953125
4279.265625
4279.76953125
4279.76953125
4279.76953125
4279.76953125
4279.76953125
4279.76953125
4279.265625
4279.76953125
4279.76953125
4279.76953125
4279.76953125
4279.76953125
4279.265625
4279.76953125
4279.76953125
4279.76953125
4279.76953125
4279.76953125
4279.76953125
4279.76953125
4279.76953125
4279.76953125
4279.76953125
4279.265625
4279.76953125
4279.265625
4279.76953125
4279.76953125
4279.76953125
4279.76953125
4279.265625
4279.76953125
4279.76953125
4279.76953125
4279.76953125
4279.76953125
4279.265625
4279.76953125
4279.265625
4279.76953125
4279.76953125
4279.76953125
4279.76953125
4279.265625
4279.76953125
4279.76953125
4279.76953125
4279.76953125
4279.76953125
4279.265625
4279.76953125
4279.26953125
4279.7734375
4279.7734375
4279.7734375
4279.7734375
4279.7734375
4279.26953125
4279.7734375
4279.7734375
4279.7734375
4279.7734375
4279.26953125
4279.7734375
4279.26953125
4279.7734375
4279.7734375
4279.7734375
4279.7734375
4279.7734375
4279.7734375
4279.7734375
4279.7734375
4279.7734375
4279.7734375
4279.7734375
4279.7734375
4279.26953125
4279.7734375
4279.7734375
4279.7734375
4279.7734375
4279.7734375
4279.7734375
4279.7734375
4279.7734375
4279.7734375
4279.7734375
4279.26953125
4279.7734375
4279.7734375
4279.7734375
4279.7734375
4279.7734375
4279.26953125
4279.7734375
4279.26953125
4279.7734375
4279.7734375
4279.7734375
4279.7734375
4279.26953125
4279.7734375
4279.26953125
4279.7734375
4279.7734375
4279.7734375
4279.7734375
4279.7734375
4279.26953125
4279.7734375
4279.7734375
4279.7734375
4279.7734375
4279.26953125
4279.7734375
4279.26953125
4279.7734375
4279.7734375
4279.7734375
4279.7734375
4279.7734375
4279.7734375
4279.7734375
4279.7734375
4279.7734375
4279.7734375
4279.26953125
4279.7734375
4279.7734375
4279.7734375
4279.7734375
4279.7734375
4279.26953125
4279.7734375
4279.26953125
4279.7734375
4279.7734375
4279.7734375
4279.7734375
4279.7734375
4279.7734375
4279.7734375
4279.7734375
4279.7734375
4279.7734375
4279.7734375
4279.7734375
4279.7734375
4279.7734375
4279.7734375
4279.7734375
4279.7734375
4279.7734375
4279.7734375
4279.7734375
4279.7734375
4279.7734375
4279.7734375
4279.26953125
4279.7734375
4279.7734375
4279.7734375
4279.7734375
4279.7734375
4279.26953125
4279.7734375
4279.26953125
3941.74609375
3578.37890625
3268.4296875
2850.46484375
2850.46484375
2849.9609375
2850.46484375
2849.96484375
2850.46875
2850.46875
2850.46875
2850.46875
2849.96484375
2850.46875
2850.46875
2850.46875
2850.46875
2850.46875
2850.46875
2850.46875
2850.46875
2850.46875
2850.46875
2850.46875
2850.46875
2850.46875
2850.46875
2850.46875
2850.46875
2850.47265625
2850.47265625
2850.47265625
2850.47265625
2849.96875
2850.47265625
2850.47265625
2850.47265625
2850.47265625
2850.47265625
2849.96875
2850.47265625
2850.47265625
2850.47265625
2850.47265625
2850.47265625
2849.97265625
2850.4765625
2849.97265625
2850.4765625
2850.4765625
2850.4765625
2850.4765625
2850.4765625
2850.4765625
2850.4765625
2850.4765625
2850.4765625
2850.4765625
2850.4765625
2849.97265625
2850.4765625
2849.9765625
2850.48046875
2850.48046875
2850.48046875
2850.48046875
2850.48046875
2850.48046875
2850.48046875
2850.48046875
2850.48046875
2850.48046875
2849.9765625
2850.48046875
2849.9765625
2850.48046875
2850.48046875
2850.48046875
2850.48046875
2850.48046875
2849.98046875
2850.484375
2850.484375
2850.484375
2850.484375
2850.28515625
2850.484375
2850.484375
2850.484375
2850.484375
2850.484375
2849.98046875
2850.484375
2849.984375
2850.48828125
2850.48828125
2850.48828125
2850.48828125
2850.48828125
2850.48828125
2850.48828125
2850.48828125
2850.48828125
2850.48828125
2849.984375
2850.48828125
2849.984375
2850.48828125
2850.48828125
2850.48828125
2850.48828125
2850.48828125
2849.98828125
2850.4921875
2850.4921875
2850.4921875
2850.4921875
2849.98828125
2850.4921875
2849.98828125
2850.4921875
2850.4921875
2850.4921875
2850.4921875
2849.98828125
2850.4921875
2850.49609375
2850.49609375
2850.49609375
2850.49609375
2849.9921875
2850.49609375
2849.9921875
2850.49609375
2850.49609375
2850.49609375
2850.49609375
2850.53125
2850.53125
2850.53125
2850.53125
2850.53125
2850.53125
2850.03515625
2850.5390625
2850.0390625
2850.54296875
2850.54296875
2850.54296875
2850.54296875
2850.54296875
2850.54296875
2850.54296875
2850.54296875
2850.54296875
2850.54296875
2850.54296875
2850.54296875
2850.54296875
2850.54296875
2850.54296875
2850.54296875
2850.54296875
2850.04296875
2850.546875
2850.546875
2850.546875
2850.546875
2850.546875
2850.04296875
2850.546875
2850.04296875
2850.546875
2850.546875
2850.546875
2850.546875
2850.546875
2850.046875
2850.55078125
2850.55078125
2850.55078125
2850.55078125
2850.55078125
2850.046875
2850.55078125
2850.55078125
2850.55078125
2850.55078125
2850.55078125
2850.55078125
2850.55078125
2850.55078125
2850.55078125
2850.55078125
2850.046875
2850.55078125
2850.55078125
2850.5546875
2850.5546875
2850.5546875
2850.5546875
2850.05078125
2850.5546875
2850.5546875
2850.5546875
2850.5546875
2850.5546875
2850.05078125
2850.5546875
2850.0546875
2850.55859375
2850.55859375
2850.55859375
2850.05859375
2850.5625
2850.05859375
2850.5625
2850.5625
2850.5625
2850.05859375
2850.5625
2850.05859375
2850.5625
2850.5625
2850.5625
2850.5625
2850.5625
2850.5625
2850.56640625
2850.56640625
2850.56640625
2850.56640625
2850.56640625
2850.56640625
2850.0625
2850.56640625
2850.56640625
2850.56640625
2850.56640625
2850.56640625
2850.0625
2850.56640625
2850.56640625
2850.56640625
2850.56640625
2850.0625
2850.56640625
2850.5703125
2850.5703125
2850.5703125
2850.5703125
2850.06640625
2850.5703125
2850.06640625
2850.5703125
2850.5703125
2850.5703125
2850.5703125
2850.5703125
2850.5703125
2850.57421875
2850.57421875
2850.57421875
2850.57421875
2850.0703125
2850.57421875
2850.0703125
2850.57421875
2850.57421875
2850.57421875
2850.57421875
2850.57421875
2850.57421875
2850.57421875
2850.57421875
2850.57421875
2850.57421875
2850.0703125
2850.57421875
2850.07421875
2850.578125
2850.578125
2850.578125
2850.578125
2850.578125
2850.07421875
2850.578125
2850.578125
2850.578125
2850.578125
2850.578125
2850.578125
2850.58203125
2850.58203125
2850.58203125
2850.58203125
2850.078125
2850.58203125
2850.078125
2850.58203125
2850.58203125
2850.58203125
2850.58203125
2850.58203125
2850.078125
2850.58203125
2850.58203125
2850.58203125
2850.58203125
2850.58203125
2850.08203125
2850.5859375
2850.5859375
2850.5859375
2850.5859375
2850.5859375
2850.5859375
2850.5859375
2850.5859375
2850.5859375
2850.5859375
2850.08203125
2850.5859375
2850.08203125
2850.5859375
2850.5859375
2850.5859375
2850.08984375
2850.59375
2850.08984375
2850.59375
2850.59375
2850.59375
2850.59375
2850.59375
2850.59375
2850.59375
2850.59375
2850.59375
2850.59375
2850.08984375
2850.59375
2850.09375
2850.59765625
2850.59765625
2850.59765625
2850.59765625
2850.59765625
2850.59765625
2850.59765625
2850.59765625
2850.59765625
2850.59765625
2850.09375
2850.59765625
2850.09375
2850.59765625
2850.59765625
2850.59765625
2850.59765625
2850.09375
2850.59765625
2850.09765625
2850.6015625
2850.6015625
2850.6015625
2850.09765625
2850.6015625
2850.09765625
2850.6015625
2850.6015625
2850.6015625
2850.6015625
2850.09765625
2850.6015625
2850.1015625
2850.60546875
2850.60546875
2850.60546875
2850.60546875
2850.1015625
2850.60546875
2850.1015625
2850.60546875
2850.60546875
2850.60546875
2850.60546875
2850.1015625
2850.60546875
2850.60546875
2850.60546875
2850.60546875
2850.60546875
2850.1015625
2850.60546875
2850.10546875
2850.609375
2850.609375
2850.609375
2850.609375
2850.10546875
2850.609375
2850.10546875
2850.609375
2850.609375
2850.609375
2850.609375
2850.609375
2850.10546875
2850.609375
2850.609375
2850.609375
2850.609375
2850.109375
2850.61328125
2850.109375
2850.61328125
2850.61328125
2850.61328125
2850.61328125
2850.109375
2850.61328125
2850.109375
2850.61328125
2850.61328125
2850.61328125
2850.61328125
2850.61328125
2850.61328125
2850.6171875
2850.6171875
2850.6171875
2850.6171875
2850.11328125
2850.6171875
2850.11328125
2850.6171875
2850.6171875
2850.6171875
2850.6171875
2850.6171875
2850.6171875
2850.6171875
2850.6171875
2850.6171875
2850.6171875
2850.1171875
2850.62109375
2850.12109375
2850.625
2850.625
2850.625
2850.625
2850.625
2850.12109375
2850.625
2850.625
2850.625
2850.625
2850.12109375
2850.625
2850.62890625
2850.62890625
2850.62890625
2850.62890625
2850.125
2850.62890625
2850.125
2850.62890625
2850.62890625
2850.62890625
2850.62890625
2850.62890625
2850.62890625
2850.62890625
2850.62890625
2850.62890625
2850.62890625
2850.125
2850.62890625
2850.12890625
2850.6328125
2850.6328125
2850.6328125
2850.6328125
2850.6328125
2850.12890625
2850.6328125
2850.6328125
2850.6328125
2850.6328125
2850.6328125
2850.12890625
2850.6328125
2850.6328125
2850.6328125
2850.6328125
2850.1328125
2850.63671875
2850.1328125
2850.63671875
2850.63671875
2850.63671875
2850.63671875
2850.63671875
2850.63671875
2850.63671875
2850.63671875
2850.63671875
2850.63671875
2850.63671875
2850.63671875
2850.63671875
2850.640625
2850.640625
2850.640625
2850.640625
2850.13671875
2850.640625
2850.13671875
2850.640625
2850.640625
2850.640625
2850.640625
2850.640625
2850.13671875
2850.640625
2850.640625
2850.640625
2850.640625
2850.640625
2850.640625
2850.64453125
2850.64453125
2850.64453125
2850.64453125
2850.64453125
2850.64453125
2850.64453125
2850.64453125
2850.64453125
2850.64453125
2850.64453125
2850.140625
2850.64453125
2850.6484375
2850.6484375
2850.6484375
2850.6484375
2850.14453125
2850.6484375
2850.14453125
2850.6484375
2850.6484375
2850.6484375
2850.6484375
2850.6484375
2850.14453125
2850.6484375
2850.6484375
2850.6484375
2850.6484375
2850.65234375
2850.65234375
2850.65625
2850.65625
2850.65625
2850.65625
2850.15234375
2850.65625
2850.65625
2850.65625
2850.65625
2850.65625
2850.15234375
2850.65625
2850.65625
2850.65625
2850.65625
2850.65625
2850.65625
2850.15625
2850.66015625
2850.66015625
2850.66015625
2850.66015625
2850.66015625
2850.15625
2850.66015625
2850.15625
2850.66015625
2850.66015625
2850.66015625
2850.66015625
2850.66015625
2850.66015625
2850.6640625
2850.6640625
2850.6640625
2850.6640625
2850.6640625
2850.6640625
2850.6640625
2850.6640625
2850.6640625
2850.6640625
2850.16015625
2850.6640625
2850.16015625
2850.6640625
2850.6640625
2850.6640625
2850.6640625
2850.16015625
2850.6640625
2850.66796875
2850.66796875
2850.66796875
2850.66796875
2850.1640625
2850.66796875
2850.1640625
2850.66796875
2850.66796875
2850.66796875
2850.66796875
2850.66796875
2850.66796875
2850.671875
2850.671875
2850.671875
2850.671875
2850.16796875
2850.671875
2850.16796875
2850.671875
2850.671875
2850.671875
2850.16796875
2850.671875
2850.16796875
2850.671875
2850.671875
2850.671875
2850.671875
2850.671875
2850.171875
2850.67578125
2850.67578125
2850.67578125
2850.67578125
2850.67578125
2850.67578125
2850.67578125
2850.67578125
2850.67578125
2850.67578125
2850.171875
2850.67578125
2850.6796875
2850.6796875
2850.6796875
2850.6796875
2850.17578125
2850.6796875
2850.17578125
2850.6796875
2850.6796875
2850.6796875
2850.6796875
2850.6796875
2850.17578125
2850.6796875
2850.6796875
2850.6796875
2850.6796875
2850.1796875
2850.68359375
2850.18359375
2850.6875
2850.6875
2850.6875
2850.18359375
2850.6875
2850.18359375
2850.6875
2850.6875
2850.6875
2850.6875
2850.18359375
2850.6875
2850.6875
2850.6875
2850.6875
2850.6875
2850.18359375
2850.6875
2850.1875
2850.69140625
2850.69140625
2850.69140625
2850.69140625
2850.69140625
2850.69140625
2850.69140625
2850.69140625
2850.69140625
2850.69140625
2850.1875
2850.69140625
2850.69140625
2850.6953125
2850.6953125
2850.6953125
2850.6953125
2850.19140625
2850.6953125
2850.19140625
2850.6953125
2850.6953125
2850.6953125
2850.19140625
2850.6953125
2850.6953125
2850.6953125
2850.6953125
2850.6953125
2850.6953125
2850.19921875
2850.703125
2850.70703125
2850.70703125
2850.70703125
2850.70703125
2850.203125
2850.70703125
2850.203125
2850.70703125
2850.70703125
2850.70703125
2850.70703125
2850.203125
2850.70703125
2850.203125
2850.70703125
2850.70703125
2850.70703125
2850.70703125
2850.7109375
2850.20703125
2850.7109375
2850.7109375
2850.7109375
2850.7109375
2850.7109375
2850.7109375
2850.7109375
2850.7109375
2850.7109375
2850.7109375
2850.20703125
2850.7109375
2850.71484375
2850.71484375
2850.71484375
2850.71484375
2850.2109375
2850.71484375
2850.2109375
2850.71484375
2850.71484375
2850.71484375
2850.71484375
2850.71484375
2850.71484375
2850.71484375
2850.71484375
2850.71484375
2850.71484375
2850.2109375
2850.71484375
2850.21484375
2850.71875
2850.71875
2850.71875
2850.71875
2850.21484375
2850.71875
2850.21484375
2850.71875
2850.71875
2850.71875
2850.71875
2850.21875
2850.72265625
2850.22265625
2850.7265625
2850.7265625
2850.7265625
2850.7265625
2850.7265625
2850.7265625
2850.7265625
2850.7265625
2850.7265625
2850.7265625
2850.22265625
2850.7265625
2850.22265625
2850.7265625
2850.7265625
2850.7265625
2850.7265625
2850.7265625
2850.7265625
2850.2265625
2850.73046875
2850.73046875
2850.73046875
2850.73046875
2850.73046875
2850.73046875
2850.73046875
2850.73046875
2850.73046875
2850.73046875
2850.2265625
2850.73046875
2850.2265625
2850.73046875
2850.73046875
2850.73046875
2850.73046875
2850.73046875
2850.73046875
2850.734375
2850.734375
2850.734375
2850.734375
2850.734375
2850.734375
2850.734375
2850.734375
2850.734375
2850.734375
2850.734375
2850.734375
2850.734375
2850.734375
2850.73828125
2850.73828125
2850.73828125
2850.73828125
2850.234375
2850.73828125
2850.234375
2850.73828125
2850.73828125
2850.73828125
2850.73828125
2850.73828125
2850.73828125
2850.73828125
2850.73828125
2850.73828125
2850.73828125
2850.234375
2850.73828125
2850.23828125
2850.7421875
2850.7421875
2850.7421875
2850.7421875
2850.23828125
2850.7421875
2850.23828125
2850.7421875
2850.7421875
2850.7421875
2850.7421875
2850.7421875
2850.7421875
2850.74609375
2850.74609375
2850.74609375
2850.74609375
2850.74609375
2850.2421875
2850.74609375
2850.2421875
2850.74609375
2850.74609375
2850.74609375
2850.74609375
2850.2421875
2850.74609375
2850.2421875
2850.74609375
2850.74609375
2850.74609375
2850.74609375
2850.2421875
2850.74609375
2850.24609375
2850.75
2850.75
2850.75
2850.75
2850.24609375
2850.75
2850.24609375
2850.75
2850.75
2850.75
2850.75
2850.75390625
2850.75390625
2850.75390625
2850.75390625
2850.75390625
2850.75390625
2850.75390625
2850.7578125
2850.7578125
2850.7578125
2850.7578125
2850.7578125
2850.7578125
2850.25390625
2850.7578125
2850.25390625
2850.7578125
2850.7578125
2850.7578125
2850.7578125
2850.25390625
2850.7578125
2850.2578125
2850.76171875
2850.76171875
2850.76171875
2850.76171875
2850.2578125
2850.76171875
2850.2578125
2850.76171875
2850.76171875
2850.76171875
2850.76171875
2850.76171875
2850.76171875
2850.2578125
2850.76171875
2850.76171875
2850.76171875
2850.76171875
2850.2578125
2850.76171875
2850.26171875
2850.765625
2850.765625
2850.765625
2850.765625
2850.765625
2850.765625
2850.765625
2850.765625
2850.765625
2850.765625
2850.765625
2850.765625
2850.765625
2850.76953125
2850.76953125
2850.76953125
2850.76953125
2850.265625
2850.76953125
2850.265625
2850.76953125
2850.76953125
2850.76953125
2850.76953125
2850.76953125
2850.76953125
2850.265625
2850.76953125
2850.76953125
2850.76953125
2850.76953125
2850.265625
2850.76953125
2850.26953125
2850.7734375
2850.7734375
2850.7734375
2850.7734375
2850.7734375
2850.7734375
2850.7734375
2850.7734375
2850.7734375
2850.7734375
2850.7734375
2850.7734375
2850.7734375
2850.7734375
2850.7734375
2850.7734375
2850.7734375
2850.2734375
2850.77734375
2850.77734375
2850.77734375
2850.77734375
2850.77734375
2850.2734375
2850.77734375
2850.2734375
2850.77734375
2850.77734375
2850.77734375
2850.77734375
2850.78125
2850.78125
2850.78515625
2850.78515625
2850.78515625
2850.78515625
2850.28125
2850.78515625
2850.78515625
2850.78515625
2850.78515625
2850.78515625
2850.78515625
2850.28125
2850.78515625
2850.28125
2850.78515625
2850.78515625
2850.78515625
2850.78515625
2850.78515625
2850.28515625
2850.7890625
2850.7890625
2850.7890625
2850.7890625
2850.28515625
2850.7890625
2850.28515625
2850.7890625
2850.7890625
2850.7890625
2850.28515625
2850.7890625
2850.2890625
2850.79296875
2850.79296875
2850.79296875
2850.79296875
2850.79296875
2850.2890625
2850.79296875
2850.79296875
2850.79296875
2850.79296875
2850.2890625
2850.79296875
2850.2890625
2850.79296875
2850.79296875
2850.79296875
2850.79296875
2850.79296875
2850.79296875
2850.796875
2850.796875
2850.796875
2850.796875
2850.29296875
2850.796875
2850.29296875
2850.796875
2850.796875
2850.796875
2850.796875
2850.796875
2850.796875
2850.796875
2850.796875
2850.796875
2850.796875
2850.296875
2850.80078125
2850.296875
2850.80078125
2850.80078125
2850.80078125
2850.80078125
2850.80078125
2850.296875
2850.80078125
2850.80078125
2850.80078125
2850.80078125
2850.80078125
2850.80078125
2850.30078125
2850.8046875
2850.8046875
2850.8046875
2850.8046875
2850.8046875
2850.8046875
2850.8046875
2850.8046875
2850.8046875
2850.8046875
2850.30078125
2850.8046875
2850.30078125
2850.8046875
2850.8046875
2850.8046875
2850.30078125
2850.8046875
2850.3046875
2850.80859375
2850.80859375
2850.80859375
2850.80859375
2850.3046875
2850.80859375
2850.3046875
2850.80859375
2850.80859375
2850.80859375
2850.80859375
2850.3046875
2850.80859375
2850.30859375
2850.8125
2850.8125
2850.8125
2850.8125
2850.30859375
2850.8125
2850.8125
2850.30859375
2850.8125
2850.8125
2850.8125
2850.30859375
2850.81640625
2850.81640625
2850.81640625
2850.81640625
2850.81640625
2850.81640625
2850.81640625
2850.81640625
2850.81640625
2850.8203125
2850.8203125
2850.8203125
2850.8203125
2850.8203125
2850.8203125
2850.8203125
2850.31640625
2850.8203125
2850.8203125
2850.8203125
2850.8203125
2850.8203125
2850.8203125
2850.82421875
2850.82421875
2850.82421875
2850.82421875
2850.82421875
2850.82421875
2850.82421875
2850.3203125
2850.82421875
2850.82421875
2850.82421875
2850.82421875
2850.3203125
2850.82421875
2850.3203125
2850.82421875
2850.82421875
2850.82421875
2850.82421875
2850.3203125
2850.82421875
2850.32421875
2850.828125
2850.828125
2850.828125
2850.828125
2850.828125
2850.828125
2850.828125
2850.828125
2850.828125
2850.828125
2850.828125
2850.828125
2850.828125
2850.83203125
2850.83203125
2850.83203125
2850.83203125
2850.83203125
2850.328125
2850.83203125
2850.328125
2850.83203125
2850.83203125
2850.83203125
2850.83203125
2850.83203125
2850.83203125
2850.83203125
2850.83203125
2850.83203125
2850.83203125
2850.328125
2850.83203125
2850.33203125
2850.8359375
2850.8359375
2850.8359375
2850.8359375
2850.33203125
2850.8359375
2850.8359375
2850.8359375
2850.8359375
2850.8359375
2850.8359375
2850.8359375
2850.3359375
2850.83984375
2850.83984375
2850.83984375
2850.83984375
2850.83984375
2850.83984375
2850.83984375
2850.83984375
2850.83984375
2850.83984375
2850.83984375
2850.3359375
2850.83984375
2850.3359375
2850.83984375
2850.83984375
2850.83984375
2850.83984375
2850.83984375
2850.83984375
2850.84375
2850.84375
2850.84375
2850.84375
2850.84375
2850.84375
2850.84375
2850.33984375
2850.84375
2850.84375
2850.84375
2850.34375
2850.84765625
2850.34375
2850.84765625
2850.84765625
2850.84765625
2850.84765625
2850.34765625
2850.8515625
2850.34765625
2850.8515625
2850.8515625
2850.8515625
2850.8515625
2850.34765625
2850.8515625
2850.34765625
2850.8515625
2850.8515625
2850.8515625
2850.8515625
2850.34765625
2850.8515625
2850.3515625
2850.85546875
2850.85546875
2850.85546875
2850.3515625
2850.85546875
2850.85546875
2850.85546875
2850.85546875
2850.85546875
2850.85546875
2850.3515625
2850.85546875
2850.3515625
2850.85546875
2850.85546875
2850.85546875
2850.85546875
2850.3515625
2850.85546875
2850.35546875
2850.859375
2850.859375
2850.859375
2850.859375
2850.35546875
2850.859375
2850.35546875
2850.859375
2850.859375
2850.859375
2850.859375
2850.859375
2850.859375
2850.86328125
2850.86328125
2850.86328125
2850.86328125
2850.86328125
2850.86328125
2850.359375
2850.86328125
2850.86328125
2850.86328125
2850.86328125
2850.359375
2850.86328125
2850.359375
2850.86328125
2850.86328125
2850.86328125
2850.359375
2850.86328125
2850.36328125
2850.8671875
2850.8671875
2850.8671875
2850.8671875
2850.8671875
2850.36328125
2850.8671875
2850.8671875
2850.8671875
2850.8671875
2850.36328125
2850.8671875
2850.3671875
2850.87109375
2850.87109375
2850.87109375
2850.87109375
2850.3671875
2850.87109375
2850.3671875
2850.87109375
2850.87109375
2850.87109375
2850.87109375
2850.87109375
2850.3671875
2850.87109375
2850.87109375
2850.87109375
2850.87109375
2850.3671875
2850.87109375
2850.875
2850.875
2850.875
2850.875
2850.37109375
2850.875
2850.37109375
2850.875
2850.875
2850.875
2850.875
2850.375
2850.87890625
2850.375
2850.87890625
2850.87890625
2850.87890625
2850.87890625
2850.37890625
2850.8828125
2850.8828125
2850.8828125
2850.8828125
2850.8828125
2850.8828125
2850.8828125
2850.37890625
2850.8828125
2850.8828125
2850.8828125
2850.8828125
2850.37890625
2850.8828125
2850.3828125
2850.88671875
2850.88671875
2850.88671875
2850.88671875
2850.88671875
2850.3828125
2850.88671875
2850.88671875
2850.88671875
2850.88671875
2850.49609375
2850.62109375
2850.73828125
2850.75390625
2850.75390625
2850.75390625
2850.75390625
2850.75390625
2850.75390625
2850.75390625
2850.75390625
2850.75390625
2850.75390625
2850.75390625
2850.75390625
2850.75390625
2850.75390625
2850.7578125
2850.7578125
2850.7578125
2850.7578125
2850.7578125
2850.7578125
2850.7578125
2850.7578125
2850.7578125
2850.7578125
2850.7578125
2850.7578125
2850.7578125
2850.7578125
2850.7578125
2850.7578125
2850.7578125
2850.7578125
2850.76171875
2850.76171875
2850.76171875
2850.76171875
2850.76171875
2850.76171875
2850.76171875
2850.76171875
2850.76171875
2850.76171875
2850.76171875
2850.765625
2850.765625
2850.765625
2850.765625
2850.765625
2850.765625
2850.765625
2850.765625
2850.765625
2850.765625
2850.765625
2850.765625
2850.765625
2850.765625
2850.765625
2850.765625
2850.765625
2850.76953125
2850.76953125
2850.76953125
2850.76953125
2850.76953125
2850.76953125
2850.76953125
2850.76953125
2850.76953125
2850.76953125
2850.76953125
2850.76953125
2850.76953125
2850.7734375
2850.7734375
2850.7734375
2850.7734375
2850.7734375
2850.7734375
2850.7734375
2850.7734375
2850.7734375
2850.7734375
2850.7734375
2850.7734375
2850.7734375
2850.7734375
2850.7734375
2850.7734375
2850.7734375
2850.7734375
2850.7734375
2850.7734375
2850.7734375
2850.7734375
2850.7734375
2850.7734375
2850.7734375
2850.7734375
2850.7734375
2850.7734375
2850.7734375
2850.7734375
2850.7734375
2850.7734375
2850.7734375
2850.77734375
2850.77734375
2850.77734375
2850.77734375
2850.77734375
2850.77734375
2850.77734375
2850.77734375
2850.77734375
2850.77734375
2850.77734375
2850.77734375
2850.77734375
2850.77734375
2850.77734375
2850.77734375
2850.77734375
2850.77734375
2850.77734375
2850.77734375
2850.77734375
2850.77734375
2850.77734375
2850.77734375
2850.77734375
2850.77734375
2850.77734375
2850.77734375
2850.77734375
2850.78125
2850.78125
2850.78125
2850.78125
2850.78125
2850.78125
2850.78125
2850.78125
2850.78125
2850.78125
2850.78125
2850.78125
2850.78125
2850.78125
2850.78125
2850.78125
2850.78125
2850.78125
2850.78125
2850.78125
2850.78125
2850.78125
2850.78125
2850.78125
2850.78125
2850.78125
2850.78125
2850.78125
2850.78515625
2850.78515625
2850.78515625
2850.78515625
2850.78515625
2850.78515625
2850.78515625
2850.78515625
2850.78515625
2850.78515625
2850.78515625
2850.78515625
2850.78515625
2850.78515625
2850.78515625
2850.78515625
2850.78515625
2850.78515625
2850.78515625
2850.78515625
2850.78515625
2850.78515625
2850.78515625
2850.78515625
2850.78515625
2850.78515625
2850.78515625
2850.78515625
2850.78515625
2850.7890625
2850.7890625
2850.7890625
2850.7890625
2850.7890625
2850.7890625
2850.7890625
2850.7890625
2850.7890625
2850.7890625
2850.7890625
2850.7890625
2850.7890625
2850.7890625
2850.7890625
2850.7890625
2850.7890625
2850.7890625
2850.7890625
2850.7890625
2850.7890625
2850.7890625
2850.7890625
2850.7890625
2850.7890625
2850.7890625
2850.7890625
2850.7890625
2850.7890625
2850.7890625
2850.7890625
2850.7890625
2850.7890625
2850.79296875
2850.79296875
2850.79296875
2850.79296875
2850.79296875
2850.79296875
2850.79296875
2850.79296875
2850.79296875
2850.79296875
2850.79296875
2850.79296875
2850.79296875
2850.79296875
2850.79296875
2850.79296875
2850.79296875
2850.79296875
2850.79296875
2850.79296875
2850.79296875
2850.79296875
2850.79296875
2850.79296875
2850.79296875
2850.79296875
2850.79296875
2850.79296875
2850.79296875
2850.79296875
2850.79296875
2850.796875
2850.796875
2850.796875
2850.796875
2850.796875
2850.796875
2850.796875
2850.796875
2850.796875
2850.796875
2850.796875
2850.796875
2850.796875
2850.796875
2850.796875
2850.796875
2850.796875
2850.796875
2850.796875
2850.796875
2850.796875
2850.796875
2850.796875
2850.796875
2850.796875
2850.796875
2850.796875
2850.796875
2850.796875
2850.80078125
2850.80078125
2850.80078125
2850.80078125
2850.80078125
2850.80078125
2850.80078125
2850.80078125
2850.80078125
2850.80078125
2850.80078125
2850.80078125
2850.80078125
2850.80078125
2850.80078125
2850.80078125
2850.80078125
2850.80078125
2850.80078125
2850.80078125
2850.80078125
2850.80078125
2850.80078125
2850.80078125
2850.80078125
2850.80078125
2850.80078125
2850.80078125
2850.80078125
2850.80078125
2850.8046875
2850.8046875
2850.8046875
2850.8046875
2850.8046875
2850.8046875
2850.8046875
2850.8046875
2850.8046875
2850.8046875
2850.8046875
2850.8046875
2850.8046875
2850.8046875
2850.8046875
2850.8046875
2850.8046875
2850.8046875
2850.8046875
2850.8046875
2850.8046875
2850.8046875
2850.8046875
2850.8046875
2850.8046875
2850.8046875
2850.8046875
2850.8046875
2850.80859375
2850.80859375
2850.80859375
2850.80859375
2850.80859375
2850.80859375
2850.80859375
2850.80859375
2850.80859375
2850.80859375
2850.80859375
2850.80859375
2850.80859375
2850.80859375
2850.80859375
2850.80859375
2850.80859375
2850.80859375
2850.80859375
2850.80859375
2850.80859375
2850.80859375
2850.80859375
2850.80859375
2850.80859375
2850.80859375
2850.80859375
2850.80859375
2850.8125
2850.8125
2850.8125
2850.8125
2850.8125
2850.8125
2850.8125
2850.8125
2850.8125
2850.8125
2850.8125
2850.8125
2850.8125
2850.8125
2850.8125
2850.8125
2850.8125
2850.8125
2850.8125
2850.8125
2850.8125
2850.8125
2850.8125
2850.8125
2850.8125
2850.8125
2850.8125
2850.8125
2850.81640625
2850.81640625
2850.81640625
2850.81640625
2850.81640625
2850.81640625
2850.81640625
2850.81640625
2850.81640625
2850.81640625
2850.81640625
2850.81640625
2850.81640625
2850.81640625
2850.81640625
2850.81640625
2850.81640625
2850.81640625
2850.81640625
2850.81640625
2850.81640625
2850.81640625
2850.81640625
2850.81640625
2850.81640625
2850.81640625
2850.81640625
2850.81640625
2850.81640625
2850.81640625
2850.81640625
2850.8203125
2850.8203125
2850.8203125
2850.8203125
2850.8203125
2850.8203125
2850.8203125
2850.8203125
2850.8203125
2850.8203125
2850.8203125
2850.8203125
2850.8203125
2850.8203125
2850.8203125
2850.8203125
2850.8203125
2850.8203125
2850.8203125
2850.8203125
2850.8203125
2850.8203125
2850.8203125
2850.8203125
2850.8203125
2850.8203125
2850.8203125
2850.8203125
2850.8203125
2850.82421875
2850.82421875
2850.82421875
2850.82421875
2850.82421875
2850.82421875
2850.82421875
2850.82421875
2850.82421875
2850.82421875
2850.82421875
2850.82421875
2850.82421875
2850.82421875
2850.82421875
2850.82421875
2850.82421875
2850.82421875
2850.82421875
2850.82421875
2850.82421875
2850.82421875
2850.82421875
2850.82421875
2850.82421875
2850.82421875
2850.82421875
2850.82421875
2850.82421875
2850.828125
2850.828125
2850.828125
2850.828125
2850.828125
2850.828125
2850.828125
2850.828125
2850.828125
2850.828125
2850.828125
2850.828125
2850.828125
2850.828125
2850.828125
2850.828125
2850.828125
2850.828125
2850.828125
2850.828125
2850.828125
2850.828125
2850.828125
2850.828125
2850.828125
2850.828125
2850.828125
2850.828125
2850.83203125
2850.83203125
2850.83203125
2850.83203125
2850.83203125
2850.83203125
2850.83203125
2850.83203125
2850.83203125
2850.83203125
2850.83203125
2850.83203125
2850.83203125
2850.83203125
2850.83203125
2850.83203125
2850.83203125
2850.83203125
2850.83203125
2850.83203125
2850.83203125
2850.83203125
2850.83203125
2850.83203125
2850.83203125
2850.83203125
2850.83203125
2850.83203125
2850.83203125
2850.83203125
2850.8359375
2850.8359375
2850.8359375
2850.8359375
2850.8359375
2850.8359375
2850.8359375
2850.8359375
2850.8359375
2850.8359375
2850.8359375
2850.8359375
2850.8359375
2850.8359375
2850.8359375
2850.8359375
2850.8359375
2850.8359375
2850.8359375
2850.8359375
2850.8359375
2850.8359375
2850.8359375
2850.8359375
2850.8359375
2850.8359375
2850.8359375
2850.8359375
2850.8359375
2850.83984375
2850.83984375
2850.83984375
2850.83984375
2850.83984375
2850.83984375
2850.83984375
2850.83984375
2850.83984375
2850.83984375
2850.83984375
2850.83984375
2850.83984375
2850.83984375
2850.83984375
2850.83984375
2850.83984375
2850.83984375
2850.83984375
2850.83984375
2850.83984375
2850.83984375
2850.83984375
2850.83984375
2850.83984375
2850.83984375
2850.83984375
2850.83984375
2850.84375
2850.84375
2850.84375
2850.84375
2850.84375
2850.84375
2850.84375
2850.84375
2850.84375
2850.84375
2850.84375
2850.84375
2850.84375
2850.84375
2850.84375
2850.84375
2850.84375
2850.84375
2850.86328125
2850.86328125
2850.86328125
2850.86328125
2850.86328125
2850.86328125
2850.86328125
2850.86328125
2850.86328125
2850.86328125
2850.86328125
2850.86328125
2850.96484375
2850.96484375
2850.96875
2850.96875
2850.96875
2850.96875
2850.96875
2850.96875
2850.96875
2850.96875
2850.96875
2850.96875
2850.96875
2850.96875
2850.96875
2850.96875
2850.96875
2850.96875
2850.96875
2850.96875
2850.96875
2850.96875
2850.96875
2850.96875
2850.96875
2850.96875
2850.96875
2850.96875
2850.96875
2850.96875
2850.96875
2850.96875
2850.97265625
2850.97265625
2850.97265625
2850.97265625
2850.97265625
2850.97265625
2850.97265625
2850.97265625
2850.97265625
2850.97265625
2850.97265625
2850.97265625
2850.97265625
2850.97265625
2850.97265625
2850.97265625
2850.97265625
2850.97265625
2850.97265625
2850.97265625
2850.97265625
2850.97265625
2850.97265625
2850.97265625
2850.97265625
2850.97265625
2850.97265625
2850.97265625
2850.97265625
2850.97265625
2850.9765625
2850.9765625
2850.9765625
2850.9765625
2850.9765625
2850.9765625
2850.9765625
2850.9765625
2850.9765625
2850.9765625
2850.9765625
2850.9765625
2850.9765625
2850.9765625
2850.9765625
2850.9765625
2850.9765625
2850.9765625
2850.9765625
2850.9765625
2850.9765625
2850.9765625
2850.9765625
2850.9765625
2850.9765625
2850.9765625
2850.9765625
2850.9765625
2850.9765625
2850.98046875
2850.98046875
2850.98046875
2850.98046875
2850.98046875
2850.98046875
2850.98046875
2850.98046875
2850.98046875
2850.98046875
2850.98046875
2850.98046875
2850.98046875
2850.98046875
2850.98046875
2850.98046875
2850.98046875
2850.98046875
2850.98046875
2850.98046875
2850.98046875
2850.98046875
2850.98046875
2850.98046875
2850.98046875
2850.98046875
2850.98046875
2850.98046875
2850.98046875
2850.98046875
2850.98046875
2850.98046875
2850.98046875
2850.984375
2850.984375
2850.984375
2850.984375
2850.984375
2850.984375
2850.984375
2850.984375
2850.984375
2850.984375
2850.984375
2850.984375
2850.984375
2850.984375
2850.984375
2850.984375
2850.984375
2850.984375
2850.984375
2850.984375
2850.984375
2850.984375
2850.984375
2850.984375
2850.984375
2850.984375
2850.984375
2850.984375
2850.984375
2850.984375
2850.98828125
2850.98828125
2850.98828125
2850.98828125
2850.98828125
2850.98828125
2850.98828125
2850.98828125
2850.98828125
2850.98828125
2850.98828125
2850.98828125
2850.98828125
2850.98828125
2850.98828125
2850.98828125
2850.98828125
2850.98828125
2850.98828125
2850.98828125
2850.98828125
2850.98828125
2850.98828125
2850.98828125
2850.98828125
2850.98828125
2850.98828125
2850.98828125
2850.98828125
2850.98828125
2850.9921875
2850.9921875
2850.9921875
2850.9921875
2850.9921875
2850.9921875
2850.9921875
2850.9921875
2850.9921875
2850.9921875
2850.9921875
2850.9921875
2850.9921875
2850.9921875
2850.9921875
2850.9921875
2850.9921875
2850.9921875
2850.9921875
2850.9921875
2850.9921875
2850.9921875
2850.9921875
2850.9921875
2850.9921875
2850.9921875
2850.9921875
2850.9921875
2850.9921875
2850.99609375
2850.99609375
2850.99609375
2850.99609375
2850.99609375
2850.99609375
2850.99609375
2850.99609375
2850.99609375
2850.99609375
2850.99609375
2850.99609375
2850.99609375
2850.99609375
2850.99609375
2850.99609375
2850.99609375
2850.99609375
2850.99609375
2850.99609375
2850.99609375
2850.99609375
2850.99609375
2850.99609375
2850.99609375
2850.99609375
2850.99609375
2850.99609375
2850.99609375
2850.99609375
2850.99609375
2851.0
2851.0
2851.0
2851.0
2851.0
2851.0
2851.0
2851.0
2851.0
2851.0
2851.0
2851.0
2851.0
2851.0
2851.0
2851.0
2851.0
2851.0
2851.0
2851.0
2851.0
2851.0
2851.0
2851.0
2851.0
2851.0
2851.0
2851.0
2851.0
2851.00390625
2851.00390625
2851.00390625
2851.00390625
2851.00390625
2851.00390625
2851.00390625
2851.00390625
2851.00390625
2851.00390625
2851.00390625
2851.00390625
2851.00390625
2851.00390625
2851.00390625
2851.00390625
2851.00390625
2851.00390625
2851.00390625
2851.00390625
2851.00390625
2851.00390625
2851.00390625
2851.00390625
2851.00390625
2851.00390625
2851.00390625
2851.00390625
2851.00390625
2851.0078125
2851.0078125
2851.0078125
2851.0078125
2851.0078125
2851.0078125
2851.0078125
2851.0078125
2851.0078125
2851.0078125
2851.0078125
2851.0078125
2851.0078125
2851.0078125
2851.0078125
2851.0078125
2851.0078125
2851.0078125
2851.0078125
2851.0078125
2851.0078125
2851.0078125
2851.0078125
2851.0078125
2851.0078125
2851.0078125
2851.0078125
2851.0078125
2851.0078125
2851.0078125
2851.01171875
2851.01171875
2851.01171875
2851.01171875
2851.01171875
2851.01171875
2851.01171875
2851.01171875
2851.01171875
2851.01171875
2851.01171875
2851.01171875
2851.01171875
2851.01171875
2851.01171875
2851.01171875
2851.01171875
2851.01171875
2851.01171875
2851.01171875
2851.01171875
2851.01171875
2851.01171875
2851.01171875
2851.01171875
2851.01171875
2851.01171875
2851.01171875
2851.015625
2851.015625
2851.015625
2851.015625
2851.015625
2851.015625
2851.015625
2851.015625
2851.015625
2851.015625
2851.015625
2851.015625
2851.015625
2851.015625
2851.015625
2851.015625
2851.015625
2851.015625
2851.015625
2851.015625
2851.015625
2851.015625
2851.015625
2851.015625
2851.015625
2851.015625
2851.015625
2851.015625
2851.015625
2851.015625
2851.01953125
2851.01953125
2851.01953125
2851.01953125
2851.01953125
2851.01953125
2851.01953125
2851.01953125
2851.01953125
2851.01953125
2851.01953125
2851.01953125
2851.01953125
2851.01953125
2851.01953125
2851.01953125
2851.01953125
2851.01953125
2851.01953125
2851.01953125
2851.01953125
2851.01953125
2851.01953125
2851.01953125
2851.01953125
2851.01953125
2851.01953125
2851.01953125
2851.01953125
2851.01953125
2851.0234375
2851.0234375
2851.0234375
2851.0234375
2851.0234375
2851.0234375
2851.0234375
2851.0234375
2851.0234375
2851.0234375
2851.0234375
2851.0234375
2851.0234375
2851.0234375
2851.0234375
2851.0234375
2851.0234375
2851.0234375
2851.0234375
2851.0234375
2851.0234375
2851.0234375
2851.0234375
2851.0234375
2851.0234375
2851.0234375
2851.0234375
2851.0234375
2851.0234375
2851.0234375
2851.02734375
2851.02734375
2851.02734375
2851.02734375
2851.02734375
2851.02734375
2851.02734375
2851.02734375
2851.02734375
2851.02734375
2851.02734375
2851.02734375
2851.02734375
2851.02734375
2851.02734375
2851.02734375
2851.02734375
2851.02734375
2851.02734375
2851.02734375
2851.02734375
2851.02734375
2851.02734375
2851.02734375
2851.02734375
2851.02734375
2851.02734375
2851.02734375
2851.02734375
2851.02734375
2851.02734375
2851.03125
2851.03125
2851.03125
2851.03125
2851.03125
2851.03125
2851.03125
2851.03125
2851.03125
2851.03125
2851.03125
2851.03125
2851.03125
2851.03125
2851.03125
2851.03125
2851.03125
2851.03125
2851.03125
2851.03125
2851.03125
2851.03125
2851.03125
2851.03125
2851.03125
2851.03125
2851.03125
2851.03125
2851.03125
2851.03125
2851.03515625
2851.03515625
2851.03515625
2851.03515625
2851.03515625
2851.03515625
2851.03515625
2851.03515625
2851.03515625
2851.03515625
2851.03515625
2851.03515625
2851.03515625
2851.03515625
2851.03515625
2851.03515625
2851.03515625
2851.03515625
2851.03515625
2851.03515625
2851.03515625
2851.03515625
2851.03515625
2851.03515625
2851.03515625
2851.03515625
2851.03515625
2851.03515625
2851.03515625
2851.03515625
2851.0390625
2851.0390625
2851.0390625
2851.0390625
2851.0390625
2851.0390625
2851.0390625
2851.0390625
2851.0390625
2851.0390625
2851.0390625
2851.0390625
2851.0390625
2851.0390625
2851.0390625
2851.0390625
2851.0390625
2851.0390625
2851.0390625
2851.0390625
2851.0390625
2851.0390625
2851.0390625
2851.0390625
2851.0390625
2851.0390625
2851.0390625
2851.0390625
2542.8515625
